 mean[omega_x],mean[omega_y],mean[omega_z],dU/dy
  -2.5997418244981640E-002 ,   1.8902369466543796E-025 ,   1.4103749196930573      ,  -1.4103749196930573     
  -2.6005507946147293E-002 ,  -9.4867690092481638E-019 ,   1.4103223963929139      ,  -1.4103223963929137     
  -2.6037365923904699E-002 ,  -3.5778671692021646E-018 ,   1.4096573786157074      ,  -1.4096573786157076     
  -2.6095832519038534E-002 ,   3.8489177123235407E-018 ,   1.4081738225163896      ,  -1.4081738225163889     
  -2.6184334526705533E-002 ,   1.6479873021779667E-017 ,   1.4054881331428724      ,  -1.4054881331428726     
  -2.6301631907305736E-002 ,  -5.3125906451789717E-018 ,   1.4013038052846261      ,  -1.4013038052846256     
  -2.6443270926573031E-002 ,   1.1058862159352145E-017 ,   1.3953212464996527      ,  -1.3953212464996532     
  -2.6601089043049350E-002 ,  -3.0791341698588326E-017 ,   1.3872822388570074      ,  -1.3872822388570074     
  -2.6764039737854579E-002 ,   1.7780915628762273E-017 ,   1.3769638277677010      ,  -1.3769638277677019     
  -2.6918839015555421E-002 ,   3.2526065174565133E-017 ,   1.3641891407912721      ,  -1.3641891407912721     
  -2.7050757955595691E-002 ,  -1.0191500421363742E-017 ,   1.3488312654249763      ,  -1.3488312654249752     
  -2.7144404231233665E-002 ,   2.2985086056692694E-017 ,   1.3308170755120932      ,  -1.3308170755120929     
  -2.7184385236777280E-002 ,   1.3010426069826053E-018 ,   1.3101296255773356      ,  -1.3101296255773360     
  -2.7155915452977131E-002 ,   2.7755575615628914E-017 ,   1.2868077867361696      ,  -1.2868077867361696     
  -2.7045234322554089E-002 ,  -8.6736173798840355E-018 ,   1.2609448564543941      ,  -1.2609448564543948     
  -2.6839928441845174E-002 ,  -2.8622937353617317E-017 ,   1.2326846480018208      ,  -1.2326846480018205     
  -2.6529087375217822E-002 ,  -1.9949319973733282E-017 ,   1.2022166778551513      ,  -1.2022166778551513     
  -2.6103382425821893E-002 ,   1.7347234759768071E-018 ,   1.1697696754936371      ,  -1.1697696754936382     
  -2.5555053321576874E-002 ,   2.2551405187698492E-017 ,   1.1356046165405222      ,  -1.1356046165405229     
  -2.4877876063654308E-002 ,  -6.9388939039072284E-018 ,   1.1000070084778739      ,  -1.1000070084778746     
  -2.4067119509336578E-002 ,  -3.2959746043559335E-017 ,   1.0632792291334996      ,  -1.0632792291335000     
  -2.3119535080767972E-002 ,   8.6736173798840355E-018 ,   1.0257328692586274      ,  -1.0257328692586278     
  -2.2033380427531179E-002 ,   6.9388939039072284E-018 ,  0.98768156391144002      , -0.98768156391143946     
  -2.0808487847566816E-002 ,  -4.5102810375396984E-017 ,  0.94943432408234363      , -0.94943432408234396     
  -1.9446361347401502E-002 ,  -3.5561831257524545E-017 ,  0.91128963092788795      , -0.91128963092788851     
  -1.7950288622112127E-002 ,  -3.5561831257524545E-017 ,  0.87353029888132672      , -0.87353029888132649     
  -1.6325442317917230E-002 ,   2.1684043449710089E-017 ,  0.83641922519845835      , -0.83641922519845846     
  -1.4578949376736716E-002 ,  -2.5153490401663703E-017 ,  0.80019600456140538      , -0.80019600456140527     
  -1.2719906540228709E-002 ,   2.0816681711721685E-017 ,  0.76507442868527309      , -0.76507442868527309     
  -1.0759327231058683E-002 ,  -3.4694469519536142E-018 ,  0.73124081055981205      , -0.73124081055981194     
  -8.7100091195716368E-003 ,   2.7755575615628914E-017 ,  0.69885308004111901      , -0.69885308004111901     
  -6.5863180191051019E-003 ,   0.0000000000000000      ,  0.66804054880535935      , -0.66804054880536001     
  -4.4038872006615850E-003 ,  -4.1633363423443370E-017 ,  0.63890423941085883      , -0.63890423941085905     
  -2.1792344511059446E-003 ,   5.8980598183211441E-017 ,  0.61151764949333987      , -0.61151764949333975     
   7.0699501021205882E-005 ,  -1.7347234759768071E-017 ,  0.58592782656778875      , -0.58592782656778875     
   2.3290862603572594E-003 ,   4.1633363423443370E-017 ,  0.56215663124051374      , -0.56215663124051352     
   4.5798125620239334E-003 ,   0.0000000000000000      ,  0.54020208884128373      , -0.54020208884128418     
   6.8081417960696097E-003 ,   3.4694469519536142E-018 ,  0.52003975601027941      , -0.52003975601027974     
   9.0014211581687636E-003 ,  -2.7755575615628914E-017 ,  0.50162406696900896      , -0.50162406696900907     
   1.1149814582333061E-002 ,  -1.0408340855860843E-017 ,  0.48488966318503207      , -0.48488966318503235     
   1.3247032476478789E-002 ,   6.9388939039072284E-018 ,  0.46975274884379775      , -0.46975274884379759     
   1.5291017975645967E-002 ,   2.4286128663675299E-017 ,  0.45611254377248744      , -0.45611254377248761     
   1.7284536980308830E-002 ,   2.0816681711721685E-017 ,  0.44385292167579060      , -0.44385292167579071     
   1.9235607244474338E-002 ,  -1.3877787807814457E-017 ,  0.43284431971767756      , -0.43284431971767778     
   2.1157692575002662E-002 ,  -1.0408340855860843E-017 ,  0.42294598588393051      , -0.42294598588393040     
   2.3069584608346058E-002 ,   1.5612511283791264E-017 ,  0.41400859538613177      , -0.41400859538613211     
   2.4994899697441161E-002 ,  -5.2041704279304213E-018 ,  0.40587722290051803      , -0.40587722290051803     
   2.6961134932854364E-002 ,  -1.7347234759768071E-018 ,  0.39839461112847829      , -0.39839461112847840     
   2.8998257140117518E-002 ,   1.2143064331837650E-017 ,  0.39140463605528658      , -0.39140463605528658     
   3.1136842084256336E-002 ,  -3.4694469519536142E-018 ,  0.38475584145069885      , -0.38475584145069902     
   3.3405835871206525E-002 ,  -1.0408340855860843E-017 ,  0.37830490292937957      , -0.37830490292937952     
   3.5830071374898513E-002 ,  -1.6479873021779667E-017 ,  0.37191988509977014      , -0.37191988509977014     
   3.8427730984758705E-002 ,  -1.3877787807814457E-017 ,  0.36548317107548312      , -0.36548317107548312     
   4.1207992220367730E-002 ,  -4.5102810375396984E-017 ,  0.35889396729006007      , -0.35889396729006018     
   4.4169113355260137E-002 ,  -3.1225022567582528E-017 ,  0.35207031312936871      , -0.35207031312936871     
   4.7297202649416593E-002 ,  -6.0715321659188248E-018 ,  0.34495054974673872      , -0.34495054974673850     
   5.0565862408002801E-002 ,  -9.5409791178724390E-018 ,  0.33749422188029704      , -0.33749422188029710     
   5.3936810250571079E-002 ,   3.9031278209478160E-017 ,  0.32968239834787927      , -0.32968239834787944     
   5.7361465191178851E-002 ,  -3.2959746043559335E-017 ,  0.32151740115891642      , -0.32151740115891647     
   6.0783363111130001E-002 ,  -1.2576745200831851E-017 ,  0.31302193260105016      , -0.31302193260105010     
   6.4141156841888869E-002 ,  -3.6862873864507151E-017 ,  0.30423758948957197      , -0.30423758948957202     
   6.7371881660482899E-002 ,  -4.1958624075189022E-017 ,  0.29522276047988005      , -0.29522276047988016     
   7.0414142868660032E-002 ,   1.9081958235744878E-017 ,  0.28604992161105569      , -0.28604992161105580     
   7.3210913305586073E-002 ,   1.0191500421363742E-017 ,  0.27680237987875378      , -0.27680237987875389     
   7.5711708044780168E-002 ,  -3.2526065174565133E-017 ,  0.26757056299173176      , -0.26757056299173182     
   7.7874013517080704E-002 ,   2.9490299091605721E-017 ,  0.25844800878851254      , -0.25844800878851243     
   7.9663965338335030E-002 ,  -1.8214596497756474E-017 ,  0.24952725886754595      , -0.24952725886754601     
   8.1056370026474006E-002 ,  -6.9388939039072284E-018 ,  0.24089589457013644      , -0.24089589457013635     
   8.2034233631174749E-002 ,   9.5409791178724390E-018 ,  0.23263295823082450      , -0.23263295823082461     
   8.2587987936389912E-002 ,   1.2143064331837650E-017 ,  0.22480597340429384      , -0.22480597340429390     
   8.2714595273260916E-002 ,   5.2041704279304213E-018 ,  0.21746871814749946      , -0.21746871814749946     
   8.2416676430291824E-002 ,  -4.9439619065339002E-017 ,  0.21065982713282139      , -0.21065982713282158     
   8.1701756147113405E-002 ,   3.4694469519536142E-018 ,  0.20440221769536529      , -0.20440221769536526     
   8.0581669779889911E-002 ,  -1.7347234759768071E-017 ,  0.19870326751726802      , -0.19870326751726797     
   7.9072131920033012E-002 ,  -3.1225022567582528E-017 ,  0.19355562791894262      , -0.19355562791894268     
   7.7192437634527586E-002 ,   2.9490299091605721E-017 ,  0.18893853954019710      , -0.18893853954019696     
   7.4965250372024436E-002 ,   3.6429192995512949E-017 ,  0.18481952240699895      , -0.18481952240699906     
   7.2416425686393934E-002 ,  -8.6736173798840355E-018 ,  0.18115633132846037      , -0.18115633132846040     
   6.9574823731128665E-002 ,   1.0408340855860843E-017 ,  0.17789909026774856      , -0.17789909026774864     
   6.6472072620757688E-002 ,   3.4694469519536142E-018 ,  0.17499253724394451      , -0.17499253724394448     
   6.3142256194121019E-002 ,  -1.9081958235744878E-017 ,  0.17237831918078736      , -0.17237831918078733     
   5.9621511110098585E-002 ,  -3.4694469519536142E-018 ,  0.16999727279396942      , -0.16999727279396934     
   5.5947528198707713E-002 ,   1.2143064331837650E-017 ,  0.16779161617362687      , -0.16779161617362690     
   5.2158961323414813E-002 ,   3.1225022567582528E-017 ,  0.16570696264389170      , -0.16570696264389162     
   4.8294754388597205E-002 ,  -1.2143064331837650E-017 ,  0.16369406182198107      , -0.16369406182198115     
   4.4393404700471144E-002 ,  -5.7245874707234634E-017 ,  0.16171017949650035      , -0.16171017949650027     
   4.0492189458947288E-002 ,   1.7347234759768071E-017 ,  0.15972005102166173      , -0.15972005102166176     
   3.6626391410592443E-002 ,   6.9388939039072284E-018 ,  0.15769637981712492      , -0.15769637981712489     
   3.2828567922287007E-002 ,   3.4694469519536142E-018 ,  0.15561989561289516      , -0.15561989561289524     
   2.9127912279922157E-002 ,   1.7347234759768071E-018 ,  0.15347902622023865      , -0.15347902622023865     
   2.5549754299622401E-002 ,   1.7347234759768071E-017 ,  0.15126926311874697      , -0.15126926311874686     
   2.2115238024142992E-002 ,  -1.7347234759768071E-017 ,  0.14899231069307248      , -0.14899231069307259     
   1.8841197983588839E-002 ,  -1.2143064331837650E-017 ,  0.14665510262481912      , -0.14665510262481915     
   1.5740234767109170E-002 ,  -3.4694469519536142E-018 ,  0.14426875208841464      , -0.14426875208841464     
   1.2820969232101239E-002 ,  -2.6020852139652106E-017 ,  0.14184748209099290      , -0.14184748209099290     
   1.0088436498056432E-002 ,   2.0816681711721685E-017 ,  0.13940756480496860      , -0.13940756480496869     
   7.5445690602413580E-003 ,  -2.0816681711721685E-017 ,  0.13696628789004481      , -0.13696628789004486     
   5.1887145642944086E-003 ,   3.4694469519536142E-018 ,  0.13454096249683611      , -0.13454096249683606     
   3.0181379131159580E-003 ,   6.9388939039072284E-018 ,  0.13214799033066787      , -0.13214799033066787     
   1.0284677528576243E-003 ,   1.2143064331837650E-017 ,  0.12980201276256526      , -0.12980201276256528     
  -7.8593872103133048E-004 ,   0.0000000000000000      ,  0.12751517005137336      , -0.12751517005137336     
  -2.4317242746829367E-003 ,   0.0000000000000000      ,  0.12529650050308955      , -0.12529650050308966     
  -3.9163526170497842E-003 ,   8.6736173798840355E-018 ,  0.12315150648820476      , -0.12315150648820478     
  -5.2480118680956669E-003 ,   1.7347234759768071E-018 ,  0.12108190700548649      , -0.12108190700548643     
  -6.4355849723224667E-003 ,  -1.9081958235744878E-017 ,  0.11908558664348015      , -0.11908558664348003     
  -7.4886688699162584E-003 ,   6.9388939039072284E-018 ,  0.11715674067899964      , -0.11715674067899973     
  -8.4176234388040703E-003 ,  -3.4694469519536142E-018 ,  0.11528620765954595      , -0.11528620765954586     
  -9.2336313030757095E-003 ,   1.5612511283791264E-017 ,  0.11346197503320679      , -0.11346197503320679     
  -9.9487500240415961E-003 ,   1.3877787807814457E-017 ,  0.11166983967845384      , -0.11166983967845392     
  -1.0575938917918979E-002 ,  -2.0816681711721685E-017 ,  0.10989420184438088      , -0.10989420184438084     
  -1.1129044137084192E-002 ,  -5.2041704279304213E-018 ,  0.10811896592432084      , -0.10811896592432080     
  -1.1622728218686857E-002 ,  -1.0408340855860843E-017 ,  0.10632851315362776      , -0.10632851315362779     
  -1.2072334443158323E-002 ,  -1.7347234759768071E-017 ,  0.10450869978488889      , -0.10450869978488891     
  -1.2493682139094471E-002 ,  -2.6020852139652106E-017 ,  0.10264782155802366      , -0.10264782155802371     
  -1.2902796185741281E-002 ,   1.7347234759768071E-018 ,  0.10073747501010517      , -0.10073747501010517     
  -1.3315581652730588E-002 ,  -1.5612511283791264E-017 ,   9.8773242616452317E-002 ,  -9.8773242616452400E-002
  -1.3747461720318072E-002 ,  -6.9388939039072284E-018 ,   9.6755135286201402E-002 ,  -9.6755135286201333E-002
  -1.4213002550428009E-002 ,   8.6736173798840355E-019 ,   9.4687743463931690E-002 ,  -9.4687743463931801E-002
  -1.4725551536744940E-002 ,   0.0000000000000000      ,   9.2580075192231312E-002 ,  -9.2580075192231312E-002
  -1.5296914609873775E-002 ,  -1.6479873021779667E-017 ,   9.0445091535169095E-002 ,  -9.0445091535169123E-002
  -1.5937093839898272E-002 ,  -1.4745149545802860E-017 ,   8.8298980946099698E-002 ,  -8.8298980946099601E-002
  -1.6654098978630114E-002 ,   2.6020852139652106E-018 ,   8.6160238986277476E-002 ,  -8.6160238986277518E-002
  -1.7453836982877342E-002 ,  -1.0408340855860843E-017 ,   8.4048634541913289E-002 ,  -8.4048634541913220E-002
  -1.8340073577620086E-002 ,   3.4694469519536142E-018 ,   8.1984147159058787E-002 ,  -8.1984147159058815E-002
  -1.9314452319089296E-002 ,  -1.2143064331837650E-017 ,   7.9985953544594562E-002 ,  -7.9985953544594590E-002
  -2.0376550973137810E-002 ,  -1.7347234759768071E-018 ,   7.8071527527733969E-002 ,  -7.8071527527733969E-002
  -2.1523953414786908E-002 ,   1.3010426069826053E-017 ,   7.6255900303424676E-002 ,  -7.6255900303424690E-002
  -2.2752318064651812E-002 ,  -8.6736173798840355E-019 ,   7.4551109764880621E-002 ,  -7.4551109764880663E-002
  -2.4055430693103771E-002 ,  -2.6020852139652106E-018 ,   7.2965851523377631E-002 ,  -7.2965851523377673E-002
  -2.5425239044255959E-002 ,  -3.4694469519536142E-018 ,   7.1505331122526716E-002 ,  -7.1505331122526605E-002
  -2.6851877319620736E-002 ,   4.7704895589362195E-018 ,   7.0171307294305332E-002 ,  -7.0171307294305332E-002
  -2.8323697929487367E-002 ,  -4.7704895589362195E-018 ,   6.8962309352228204E-002 ,  -6.8962309352228204E-002
  -2.9827333963412729E-002 ,   7.3725747729014302E-018 ,   6.7874006872496090E-002 ,  -6.7874006872496048E-002
  -3.1347817012733481E-002 ,  -1.3444106938820255E-017 ,   6.6899705366805354E-002 ,  -6.6899705366805257E-002
  -3.2868770748194193E-002 ,   9.1072982488782372E-018 ,   6.6030936657358555E-002 ,  -6.6030936657358541E-002
  -3.4372691657356277E-002 ,   5.6378512969246231E-018 ,   6.5258106829720580E-002 ,  -6.5258106829720580E-002
  -3.5841316307940865E-002 ,  -3.4694469519536142E-018 ,   6.4571158721080588E-002 ,  -6.4571158721080574E-002
  -3.7256061824055178E-002 ,   0.0000000000000000      ,   6.3960201642392522E-002 ,  -6.3960201642392481E-002
  -3.8598515407611819E-002 ,   1.1709383462843448E-017 ,   6.3416060646397682E-002 ,  -6.3416060646397737E-002
  -3.9850941635102395E-002 ,   4.9873299934333204E-018 ,   6.2930702995554019E-002 ,  -6.2930702995554047E-002
  -4.0996773888902494E-002 ,   1.2359904766334751E-017 ,   6.2497511220579623E-002 ,  -6.2497511220579574E-002
  -4.2021058562022484E-002 ,  -3.0357660829594124E-018 ,   6.2111389282028862E-002 ,  -6.2111389282028862E-002
  -4.2910826651612548E-002 ,   2.1684043449710089E-018 ,   6.1768708247118123E-002 ,  -6.1768708247118082E-002
  -4.3655375576682781E-002 ,  -1.1275702593849246E-017 ,   6.1467117003409025E-002 ,  -6.1467117003409004E-002
  -4.4246452981758042E-002 ,   1.6263032587282567E-018 ,   6.1205258272554998E-002 ,  -6.1205258272554991E-002
  -4.4678342624584852E-002 ,  -7.2641545556528797E-018 ,   6.0982437920165229E-002 ,  -6.0982437920165201E-002
  -4.4947859313050897E-002 ,   4.4452289071905682E-018 ,   6.0798295207810119E-002 ,  -6.0798295207810167E-002
  -4.5054264818701159E-002 ,   1.4961989980299961E-017 ,   6.0652513867106614E-002 ,  -6.0652513867106642E-002
  -4.4999119687692317E-002 ,  -2.3310346708438345E-017 ,   6.0544600822102917E-002 ,  -6.0544600822102945E-002
  -4.4786087086396295E-002 ,  -1.1438332919722072E-017 ,   6.0473744034830093E-002 ,  -6.0473744034830058E-002
  -4.4420704590072739E-002 ,  -4.3368086899420177E-019 ,   6.0438746421012338E-002 ,  -6.0438746421012393E-002
  -4.3910138529235615E-002 ,   4.6078592330633938E-019 ,   6.0438021659245438E-002 ,  -6.0438021659245514E-002
  -4.3262933515709479E-002 ,  -1.2874900798265365E-017 ,   6.0469631561142503E-002 ,  -6.0469631561142483E-002
  -4.2488767397066821E-002 ,   1.6534083130403943E-017 ,   6.0531343829466892E-002 ,  -6.0531343829466878E-002
  -4.1598219392518454E-002 ,  -1.5395670849294163E-017 ,   6.0620692728135757E-002 ,  -6.0620692728135771E-002
  -4.0602556746181302E-002 ,   2.8189256484623115E-018 ,   6.0735031832881002E-002 ,  -6.0735031832880988E-002
  -3.9513543046027312E-002 ,  -1.8431436932253575E-018 ,   6.0871575672538217E-002 ,  -6.0871575672538189E-002
  -3.8343269505734280E-002 ,  -1.1926223897340549E-018 ,   6.1027433855351226E-002 ,  -6.1027433855351233E-002
  -3.7104009055267680E-002 ,  -3.9031278209478160E-018 ,   6.1199645816950698E-002 ,  -6.1199645816950740E-002
  -3.5808092049451561E-002 ,   1.0842021724855044E-018 ,   6.1385225920193971E-002 ,  -6.1385225920193950E-002
  -3.4467801746164879E-002 ,  -4.3368086899420177E-019 ,   6.1581227290303645E-002 ,  -6.1581227290303645E-002
  -3.3095287344329670E-002 ,  -1.7347234759768071E-018 ,   6.1784829083922202E-002 ,  -6.1784829083922174E-002
  -3.1702492192055273E-002 ,   1.0408340855860843E-017 ,   6.1993446843524667E-002 ,  -6.1993446843524633E-002
  -3.0301094656611242E-002 ,   1.2793585635328952E-017 ,   6.2204860279192031E-002 ,  -6.2204860279192045E-002
  -2.8902458993556791E-002 ,   2.3852447794681098E-018 ,   6.2417348237962515E-002 ,  -6.2417348237962474E-002
  -2.7517593314801660E-002 ,   1.5178830414797062E-018 ,   6.2629817492718412E-002 ,  -6.2629817492718495E-002
  -2.6157111448637971E-002 ,  -7.3725747729014302E-018 ,   6.2841910695326172E-002 ,  -6.2841910695326145E-002
  -2.4831195180025988E-002 ,  -9.1072982488782372E-018 ,   6.3054079444207684E-002 ,  -6.3054079444207697E-002
  -2.3549553166505959E-002 ,   1.7347234759768071E-018 ,   6.3267610698877583E-002 ,  -6.3267610698877610E-002
  -2.2321372867033482E-002 ,   9.1072982488782372E-018 ,   6.3484598337831058E-002 ,  -6.3484598337831044E-002
  -2.1155262208859313E-002 ,   3.4694469519536142E-018 ,   6.3707856027833715E-002 ,  -6.3707856027833701E-002
  -2.0059178529741421E-002 ,   3.0357660829594124E-018 ,   6.3940772284300229E-002 ,  -6.3940772284300187E-002
  -1.9040343598658020E-002 ,   5.2041704279304213E-018 ,   6.4187113255887523E-002 ,  -6.4187113255887551E-002
  -1.8105145204331659E-002 ,  -7.3725747729014302E-018 ,   6.4450783063468492E-002 ,  -6.4450783063468547E-002
  -1.7259027800473403E-002 ,   0.0000000000000000      ,   6.4735555264231789E-002 ,  -6.4735555264231789E-002
  -1.6506376826334865E-002 ,   5.6378512969246231E-018 ,   6.5044792059630416E-002 ,  -6.5044792059630444E-002
  -1.5850403330432500E-002 ,   0.0000000000000000      ,   6.5381170102941186E-002 ,  -6.5381170102941200E-002
  -1.5293037122076551E-002 ,  -5.6378512969246231E-018 ,   6.5746433038454219E-002 ,  -6.5746433038454191E-002
  -1.4834837565802299E-002 ,   4.7704895589362195E-018 ,   6.6141191012861381E-002 ,  -6.6141191012861450E-002
  -1.4474931071427319E-002 ,   2.1684043449710089E-017 ,   6.6564786086603100E-002 ,  -6.6564786086603100E-002
  -1.4210983168246557E-002 ,   1.7780915628762273E-017 ,   6.7015239478408054E-002 ,  -6.7015239478408095E-002
  -1.4039210778463356E-002 ,  -8.6736173798840355E-019 ,   6.7489291713523220E-002 ,  -6.7489291713523220E-002
  -1.3954437086567784E-002 ,  -1.5612511283791264E-017 ,   6.7982540001006550E-002 ,  -6.7982540001006536E-002
  -1.3950187580480850E-002 ,  -6.5052130349130266E-018 ,   6.8489668799211548E-002 ,  -6.8489668799211562E-002
  -1.4018821911432628E-002 ,   0.0000000000000000      ,   6.9004760158952613E-002 ,  -6.9004760158952669E-002
  -1.4151692764714893E-002 ,   1.7347234759768071E-018 ,   6.9521661056491171E-002 ,  -6.9521661056491199E-002
  -1.4339320523244058E-002 ,   1.1275702593849246E-017 ,   7.0034376842745161E-002 ,  -7.0034376842745230E-002
  -1.4571571584183277E-002 ,  -1.7347234759768071E-018 ,   7.0537454555853724E-002 ,  -7.0537454555853751E-002
  -1.4837828969828550E-002 ,   6.9388939039072284E-018 ,   7.1026318417690554E-002 ,  -7.1026318417690512E-002
  -1.5127146281624355E-002 ,  -3.4694469519536142E-018 ,   7.1497523115412243E-002 ,  -7.1497523115412270E-002
  -1.5428379717571071E-002 ,   1.9081958235744878E-017 ,   7.1948898450158866E-002 ,  -7.1948898450158810E-002
  -1.5730297227261540E-002 ,   1.7347234759768071E-017 ,   7.2379570724969006E-002 ,  -7.2379570724968964E-002
  -1.6021668233028787E-002 ,  -3.4694469519536142E-018 ,   7.2789860152529709E-002 ,  -7.2789860152529598E-002
  -1.6291341051196062E-002 ,   1.9081958235744878E-017 ,   7.3181067393918220E-002 ,  -7.3181067393918192E-002
  -1.6528317704937574E-002 ,   1.2143064331837650E-017 ,   7.3555173825403747E-002 ,  -7.3555173825403733E-002
  -1.6721836949176169E-002 ,  -8.6736173798840355E-019 ,   7.3914487412896010E-002 ,  -7.3914487412895982E-002
  -1.6861475971195628E-002 ,   6.0715321659188248E-018 ,   7.4261268096248972E-002 ,  -7.4261268096248917E-002
  -1.6937279497277573E-002 ,  -1.4745149545802860E-017 ,   7.4597363327110366E-002 ,  -7.4597363327110380E-002
  -1.6939922103863258E-002 ,  -1.0408340855860843E-017 ,   7.4923876897068836E-002 ,  -7.4923876897068795E-002
  -1.6860905552752908E-002 ,   6.0715321659188248E-018 ,   7.5240884337935340E-002 ,  -7.5240884337935326E-002
  -1.6692788022535071E-002 ,   7.8062556418956319E-018 ,   7.5547198386306233E-002 ,  -7.5547198386306219E-002
  -1.6429436245820467E-002 ,   6.9388939039072284E-018 ,   7.5840180729207618E-002 ,  -7.5840180729207674E-002
  -1.6066284960770498E-002 ,  -1.3010426069826053E-017 ,   7.6115593455535036E-002 ,  -7.6115593455535036E-002
  -1.5600581261368703E-002 ,  -1.0408340855860843E-017 ,   7.6367486339602123E-002 ,  -7.6367486339602164E-002
  -1.5031585425476220E-002 ,   5.2041704279304213E-018 ,   7.6588123993618001E-002 ,  -7.6588123993617974E-002
  -1.4360696212027796E-002 ,   4.3368086899420177E-018 ,   7.6767968381968366E-002 ,  -7.6767968381968366E-002
  -1.3591469365573445E-002 ,   4.3368086899420177E-018 ,   7.6895744373057226E-002 ,  -7.6895744373057212E-002
  -1.2729504836221402E-002 ,  -4.3368086899420177E-018 ,   7.6958625449901119E-002 ,  -7.6958625449901161E-002
  -1.1782191727992525E-002 ,  -6.9388939039072284E-018 ,   7.6942579977618428E-002 ,  -7.6942579977618414E-002
  -1.0758319268635335E-002 ,  -1.4745149545802860E-017 ,   7.6832912800533990E-002 ,  -7.6832912800533990E-002
  -9.6675842099327898E-003 ,   6.9388939039072284E-018 ,   7.6615020883686713E-002 ,  -7.6615020883686713E-002
  -8.5200454592564007E-003 ,   1.7347234759768071E-018 ,   7.6275355229700692E-002 ,  -7.6275355229700692E-002
  -7.3255903061936970E-003 ,   6.9388939039072284E-018 ,   7.5802546192969195E-002 ,  -7.5802546192969181E-002
  -6.0934792222828056E-003 ,   1.1275702593849246E-017 ,   7.5188609484509533E-002 ,  -7.5188609484509492E-002
  -4.8320261838828444E-003 ,  -1.4745149545802860E-017 ,   7.4430111909519175E-002 ,  -7.4430111909519175E-002
  -3.5484502920257849E-003 ,  -3.4694469519536142E-018 ,   7.3529147769992143E-002 ,  -7.3529147769992170E-002
  -2.2489065338214373E-003 ,  -1.1275702593849246E-017 ,   7.2493968604403256E-002 ,  -7.2493968604403242E-002
  -9.3867488874815668E-004 ,   1.2143064331837650E-017 ,   7.1339128852578593E-002 ,  -7.1339128852578565E-002
   3.7753640589469279E-004 ,  -2.6020852139652106E-018 ,   7.0085061511584751E-002 ,  -7.0085061511584779E-002
   1.6952313956216775E-003 ,  -2.1684043449710089E-017 ,   6.8757076069649245E-002 ,  -6.8757076069649259E-002
   3.0097710068587831E-003 ,  -8.6736173798840355E-019 ,   6.7383861931687078E-002 ,  -6.7383861931687050E-002
   4.3160734498123819E-003 ,  -1.7347234759768071E-018 ,   6.5995663591937981E-002 ,  -6.5995663591937953E-002
   5.6084057280339173E-003 ,  -1.5612511283791264E-017 ,   6.4622347948630754E-002 ,  -6.4622347948630768E-002
   6.8802814021257219E-003 ,   0.0000000000000000      ,   6.3291595270558040E-002 ,  -6.3291595270558040E-002
   8.1244605443201307E-003 ,   1.7347234759768071E-018 ,   6.2027411405566765E-002 ,  -6.2027411405566779E-002
   9.3330335504296213E-003 ,   8.6736173798840355E-019 ,   6.0849090556197000E-002 ,  -6.0849090556196958E-002
   1.0497563512089234E-002 ,  -1.9081958235744878E-017 ,   5.9770674481168441E-002 ,  -5.9770674481168427E-002
   1.1609262401360157E-002 ,   8.6736173798840355E-018 ,   5.8800875977886038E-002 ,  -5.8800875977886032E-002
   1.2659182591151334E-002 ,   2.6020852139652106E-018 ,   5.7943377690823611E-002 ,  -5.7943377690823590E-002
   1.3638414231269765E-002 ,  -1.2143064331837650E-017 ,   5.7197388916556971E-002 ,  -5.7197388916556999E-002
   1.4538287560657399E-002 ,   1.7347234759768071E-017 ,   5.6558341881352080E-002 ,  -5.6558341881352087E-002
   1.5350584903772925E-002 ,   1.1275702593849246E-017 ,   5.6018627789414327E-002 ,  -5.6018627789414341E-002
   1.6067768566347063E-002 ,  -1.4745149545802860E-017 ,   5.5568302264042357E-002 ,  -5.5568302264042350E-002
   1.6683228003260435E-002 ,  -6.9388939039072284E-018 ,   5.5195720821022240E-002 ,  -5.5195720821022289E-002
   1.7191543366359946E-002 ,   4.3368086899420177E-018 ,   5.4888091436296228E-002 ,  -5.4888091436296214E-002
   1.7588754432325923E-002 ,  -9.5409791178724390E-018 ,   5.4631949837047868E-002 ,  -5.4631949837047895E-002
   1.7872615888837335E-002 ,  -1.6479873021779667E-017 ,   5.4413573192598291E-002 ,  -5.4413573192598298E-002
   1.8042813934771064E-002 ,   1.5612511283791264E-017 ,   5.4219350489835998E-002 ,  -5.4219350489835963E-002
   1.8101116666986623E-002 ,  -4.3368086899420177E-018 ,   5.4036125009004170E-002 ,  -5.4036125009004142E-002
   1.8051432651870668E-002 ,  -4.3368086899420177E-018 ,   5.3851518151571152E-002 ,  -5.3851518151571139E-002
   1.7899758444719201E-002 ,   1.8214596497756474E-017 ,   5.3654236416599735E-002 ,  -5.3654236416599749E-002
   1.7654005818553826E-002 ,  -8.6736173798840355E-018 ,   5.3434356210947824E-002 ,  -5.3434356210947866E-002
   1.7323711626967088E-002 ,  -1.4745149545802860E-017 ,   5.3183575620431370E-002 ,  -5.3183575620431377E-002
   1.6919645717083175E-002 ,   1.7347234759768071E-017 ,   5.2895419047534496E-002 ,  -5.2895419047534468E-002
   1.6453343274900577E-002 ,  -8.6736173798840355E-019 ,   5.2565380115807844E-002 ,  -5.2565380115807851E-002
   1.5936595881123970E-002 ,  -1.7347234759768071E-017 ,   5.2190990444422353E-002 ,  -5.2190990444422346E-002
   1.5380939388367799E-002 ,   7.8062556418956319E-018 ,   5.1771806432609951E-002 ,  -5.1771806432609965E-002
   1.4797176183862329E-002 ,  -3.4694469519536142E-018 ,   5.1309312362545621E-002 ,  -5.1309312362545607E-002
   1.4194964828683472E-002 ,   6.9388939039072284E-018 ,   5.0806744990665419E-002 ,  -5.0806744990665384E-002
   1.3582502364704926E-002 ,  -1.0408340855860843E-017 ,   5.0268851305961045E-002 ,  -5.0268851305961058E-002
   1.2966314994951472E-002 ,   2.6020852139652106E-018 ,   4.9701596313973327E-002 ,  -4.9701596313973320E-002
   1.2351162714643885E-002 ,   8.6736173798840355E-018 ,   4.9111840828419510E-002 ,  -4.9111840828419503E-002
   1.1740054019208440E-002 ,   5.2041704279304213E-018 ,   4.8507009972473432E-002 ,  -4.8507009972473460E-002
   1.1134358970903523E-002 ,   1.9949319973733282E-017 ,   4.7894771504379506E-002 ,  -4.7894771504379471E-002
   1.0534003215198626E-002 ,   7.8062556418956319E-018 ,   4.7282739683088160E-002 ,  -4.7282739683088153E-002
   9.9377221600060323E-003 ,  -9.5409791178724390E-018 ,   4.6678215947903764E-002 ,  -4.6678215947903744E-002
   9.3433532952011469E-003 ,   8.6736173798840355E-018 ,   4.6087973062499656E-002 ,  -4.6087973062499669E-002
   8.7481451437187267E-003 ,   2.6020852139652106E-018 ,   4.5518085338262161E-002 ,  -4.5518085338262140E-002
   8.1490631054089782E-003 ,   3.4694469519536142E-018 ,   4.4973804640126000E-002 ,  -4.4973804640125993E-002
   7.5430749981434874E-003 ,   1.5612511283791264E-017 ,   4.4459480316532518E-002 ,  -4.4459480316532546E-002
   6.9274020263910326E-003 ,   7.8062556418956319E-018 ,   4.3978520904317107E-002 ,  -4.3978520904317107E-002
   6.2997239576290656E-003 ,  -1.9515639104739080E-017 ,   4.3533396111377839E-002 ,  -4.3533396111377826E-002
   5.6583303415287198E-003 ,  -1.5178830414797062E-017 ,   4.3125678694046751E-002 ,  -4.3125678694046779E-002
   5.0022126632363884E-003 ,  -8.6736173798840355E-019 ,   4.2756126888264592E-002 ,  -4.2756126888264578E-002
   4.3310954604742768E-003 ,  -3.0357660829594124E-018 ,   4.2424808520609404E-002 ,  -4.2424808520609404E-002
   3.6454077755597846E-003 ,  -1.7347234759768071E-018 ,   4.2131267405483924E-002 ,  -4.2131267405483966E-002
   2.9461999703669145E-003 ,  -6.9388939039072284E-018 ,   4.1874730844990202E-002 ,  -4.1874730844990202E-002
   2.2350149510821614E-003 ,  -1.0842021724855044E-017 ,   4.1654353858671361E-002 ,  -4.1654353858671354E-002
   1.5137271468188501E-003 ,   4.3368086899420177E-018 ,   4.1469491235223414E-002 ,  -4.1469491235223449E-002
   7.8436689011423914E-004 ,   2.1684043449710089E-018 ,   4.1319982901985033E-002 ,  -4.1319982901985047E-002
   4.8951663869717214E-005 ,   7.3725747729014302E-018 ,   4.1206432026761955E-002 ,  -4.1206432026761927E-002
  -6.9065169779681688E-004 ,  -5.2041704279304213E-018 ,   4.1130449615651779E-002 ,  -4.1130449615651800E-002
  -1.4328091836225743E-003 ,  -1.3010426069826053E-018 ,   4.1094835389371483E-002 ,  -4.1094835389371503E-002
  -2.1761237808231642E-003 ,   3.0357660829594124E-018 ,   4.1103663840493659E-002 ,  -4.1103663840493646E-002
  -2.9193450918661139E-003 ,  -5.2041704279304213E-018 ,   4.1162247944035640E-002 ,  -4.1162247944035613E-002
  -3.6611773457883180E-003 ,   3.9031278209478160E-018 ,   4.1276961882223483E-002 ,  -4.1276961882223503E-002
  -4.3999914883622974E-003 ,  -3.4694469519536142E-018 ,   4.1454918315231154E-002 ,  -4.1454918315231154E-002
  -5.1334616989200232E-003 ,   6.5052130349130266E-019 ,   4.1703513933105688E-002 ,  -4.1703513933105667E-002
  -5.8581612264638431E-003 ,   5.2041704279304213E-018 ,   4.2029876751101022E-002 ,  -4.2029876751101022E-002
  -6.5691642988364631E-003 ,   2.8189256484623115E-018 ,   4.2440266411408911E-002 ,  -4.2440266411408897E-002
  -7.2597074296409259E-003 ,   6.9388939039072284E-018 ,   4.2939490899481313E-002 ,  -4.2939490899481320E-002
  -7.9209626956685507E-003 ,   5.4210108624275222E-018 ,   4.3530406431949928E-002 ,  -4.3530406431949942E-002
  -8.5419666306940818E-003 ,   3.9031278209478160E-018 ,   4.4213560105404767E-002 ,  -4.4213560105404795E-002
  -9.1097320132781084E-003 ,  -1.5178830414797062E-018 ,   4.4987017468447146E-002 ,  -4.4987017468447077E-002
  -9.6095483726444456E-003 ,  -3.9031278209478160E-018 ,   4.5846391839353282E-002 ,  -4.5846391839353268E-002
  -1.0025454074904867E-002 ,   9.7036094437452647E-018 ,   4.6785062999640206E-002 ,  -4.6785062999640178E-002
  -1.0340842414965164E-002 ,   6.2341624917916505E-018 ,   4.7794544864285478E-002 ,  -4.7794544864285478E-002
  -1.0539149791781357E-002 ,  -7.6165202617106686E-018 ,   4.8864939859433798E-002 ,  -4.8864939859433743E-002
  -1.0604568065075195E-002 ,   4.9602249391211828E-018 ,   4.9985406040496318E-002 ,  -4.9985406040496311E-002
  -1.0522726094088847E-002 ,   5.9089018400459992E-018 ,   5.1144563719098410E-002 ,  -5.1144563719098382E-002
  -1.0281295959392846E-002 ,  -1.0191500421363742E-017 ,   5.2330781632814287E-002 ,  -5.2330781632814280E-002
  -9.8704947604273154E-003 ,  -2.0057740190981832E-017 ,   5.3532306427063837E-002 ,  -5.3532306427063782E-002
  -9.2834696794079786E-003 ,  -2.2442984970449942E-017 ,   5.4737229617899431E-002 ,  -5.4737229617899431E-002
  -8.5165686986194734E-003 ,   4.0115480381963664E-018 ,   5.5933318413273203E-002 ,  -5.5933318413273210E-002
  -7.5695091683150705E-003 ,  -6.0715321659188248E-018 ,   5.7107765682780295E-002 ,  -5.7107765682780288E-002
  -6.4454599297805813E-003 ,  -5.4210108624275222E-018 ,   5.8246935332328165E-002 ,  -5.8246935332328123E-002
  -5.1510502798058980E-003 ,  -5.3125906451789717E-018 ,   5.9336188673611567E-002 ,  -5.9336188673611540E-002
  -3.6963129293355909E-003 ,   4.4452289071905682E-018 ,   6.0359872670985762E-002 ,  -6.0359872670985817E-002
  -2.0945617944387708E-003 ,   1.6479873021779667E-017 ,   6.1301531342231229E-002 ,  -6.1301531342231222E-002
  -3.6220272402222179E-004 ,   1.0842021724855044E-017 ,   6.2144368135942200E-002 ,  -6.2144368135942180E-002
   1.4815213693338588E-003 ,   1.9515639104739080E-018 ,   6.2871943199366939E-002 ,  -6.2871943199366995E-002
   3.4148401566228186E-003 ,   8.7820375971325859E-018 ,   6.3469041072629212E-002 ,  -6.3469041072629295E-002
   5.4137974984380492E-003 ,   1.2902005852577503E-017 ,   6.3922599771989622E-002 ,  -6.3922599771989663E-002
   7.4525934350233025E-003 ,  -1.1926223897340549E-017 ,   6.4222560900108472E-002 ,  -6.4222560900108486E-002
   9.5038958546666049E-003 ,  -5.3125906451789717E-018 ,   6.4362491093705718E-002 ,  -6.4362491093705690E-002
   1.1539105684453986E-002 ,  -6.2883726004159257E-018 ,   6.4339843606280131E-002 ,  -6.4339843606280145E-002
   1.3528587023601234E-002 ,   1.6398557858843255E-018 ,   6.4155775966700260E-002 ,  -6.4155775966700287E-002
   1.5441908023391109E-002 ,   4.5943067059073250E-018 ,   6.3814510091157933E-002 ,  -6.3814510091157906E-002
   1.7248168843145430E-002 ,   1.8675382421062814E-017 ,   6.3322303612485156E-002 ,  -6.3322303612485059E-002
   1.8916507317042214E-002 ,   2.9815559743351372E-018 ,   6.2686180285173976E-002 ,  -6.2686180285174004E-002
   2.0416860686956081E-002 ,   7.4809949901499806E-018 ,   6.1912627631071200E-002 ,  -6.1912627631071138E-002
   2.1721018475569814E-002 ,   1.8214596497756474E-017 ,   6.1006499649618677E-002 ,  -6.1006499649618615E-002
   2.2803932148800322E-002 ,  -1.4094628242311558E-018 ,   5.9970355462120685E-002 ,  -5.9970355462120740E-002
   2.3645166930788223E-002 ,   1.4311468676808659E-017 ,   5.8804420630326676E-002 ,  -5.8804420630326718E-002
   2.4230312831808543E-002 ,   2.1684043449710089E-019 ,   5.7507278989848615E-002 ,  -5.7507278989848663E-002
   2.4552138582971530E-002 ,  -1.5612511283791264E-017 ,   5.6077292701250822E-002 ,  -5.6077292701250829E-002
   2.4611287214614096E-002 ,  -1.2359904766334751E-017 ,   5.4514612867023249E-002 ,  -5.4514612867023256E-002
   2.4416372970601327E-002 ,  -2.8189256484623115E-018 ,   5.2823496090634720E-002 ,  -5.2823496090634664E-002
   2.3983429085456361E-002 ,  -6.2883726004159257E-018 ,   5.1014510982738612E-002 ,  -5.1014510982738549E-002
   2.3334752304341701E-002 ,  -1.9949319973733282E-017 ,   4.9106144755285915E-002 ,  -4.9106144755285908E-002
   2.2497275496962944E-002 ,   7.8062556418956319E-018 ,   4.7125349896340707E-002 ,  -4.7125349896340728E-002
   2.1500664942676103E-002 ,  -6.0715321659188248E-018 ,   4.5106731991661229E-002 ,  -4.5106731991661216E-002
   2.0375377097128382E-002 ,   7.8062556418956319E-018 ,   4.3090355489493089E-002 ,  -4.3090355489493054E-002
   1.9150911301403860E-002 ,   1.0842021724855044E-017 ,   4.1118465596196876E-002 ,  -4.1118465596196890E-002
   1.7854451329997530E-002 ,  -1.7347234759768071E-018 ,   3.9231691950361872E-002 ,  -3.9231691950361892E-002
   1.6510003369604332E-002 ,   5.2041704279304213E-018 ,   3.7465426296644511E-002 ,  -3.7465426296644490E-002
   1.5138032591898387E-002 ,  -3.9031278209478160E-018 ,   3.5847015356630624E-002 ,  -3.5847015356630582E-002
   1.3755506930795761E-002 ,   9.9746599868666408E-018 ,   3.4394205248812385E-002 ,  -3.4394205248812371E-002
   1.2376201354241547E-002 ,  -7.3725747729014302E-018 ,   3.3114982995020831E-002 ,  -3.3114982995020803E-002
   1.1011108182417821E-002 ,   4.7704895589362195E-018 ,   3.2008668267971309E-002 ,  -3.2008668267971288E-002
   9.6688309246481946E-003 ,  -3.9031278209478160E-018 ,   3.1067889208090491E-002 ,  -3.1067889208090511E-002
   8.3558925789320466E-003 ,  -5.6378512969246231E-018 ,   3.0280974170708110E-002 ,  -3.0280974170708113E-002
   7.0769441830384611E-003 ,   8.6736173798840355E-019 ,   2.9634310208976417E-002 ,  -2.9634310208976417E-002
   5.8348996731840720E-003 ,  -5.2041704279304213E-018 ,   2.9114326699751569E-002 ,  -2.9114326699751562E-002
   4.6310410591478557E-003 ,  -1.4311468676808659E-017 ,   2.8708909465491397E-002 ,  -2.8708909465491397E-002
   3.4651349283760574E-003 ,  -5.2041704279304213E-018 ,   2.8408192267461760E-002 ,  -2.8408192267461781E-002
   2.3355851828165742E-003 ,  -3.0357660829594124E-018 ,   2.8204781241611240E-002 ,  -2.8204781241611229E-002
   1.2396273839793207E-003 ,   1.3444106938820255E-017 ,   2.8093534560465379E-002 ,  -2.8093534560465393E-002
   1.7355470943573913E-004 ,  -2.6020852139652106E-018 ,   2.8071047429770880E-002 ,  -2.8071047429770887E-002
  -8.6704201911418956E-004 ,   1.6046192152785466E-017 ,   2.8134990319279976E-002 ,  -2.8134990319279983E-002
  -1.8870375342230077E-003 ,  -1.3010426069826053E-017 ,   2.8283426425776203E-002 ,  -2.8283426425776213E-002
  -2.8915503561397883E-003 ,   4.3368086899420177E-019 ,   2.8514202231056378E-002 ,  -2.8514202231056378E-002
  -3.8857405496258005E-003 ,   9.9746599868666408E-018 ,   2.8824469948208638E-002 ,  -2.8824469948208628E-002
  -4.8746250793292537E-003 ,   3.9031278209478160E-018 ,   2.9210367515544660E-002 ,  -2.9210367515544650E-002
  -5.8629044828447966E-003 ,   2.1684043449710089E-018 ,   2.9666853682817358E-002 ,  -2.9666853682817341E-002
  -6.8547920243131151E-003 ,   8.2399365108898337E-018 ,   3.0187674815480767E-002 ,  -3.0187674815480792E-002
  -7.8538350628818039E-003 ,   3.9031278209478160E-018 ,   3.0765427889898694E-002 ,  -3.0765427889898687E-002
  -8.8627178868493951E-003 ,   7.3725747729014302E-018 ,   3.1391681330287809E-002 ,  -3.1391681330287767E-002
  -9.8830361654839473E-003 ,  -8.6736173798840355E-019 ,   3.2057120908367362E-002 ,  -3.2057120908367355E-002
  -1.0915036035021197E-002 ,   1.6046192152785466E-017 ,   3.2751699465058112E-002 ,  -3.2751699465058098E-002
  -1.1957315973327626E-002 ,  -9.9746599868666408E-018 ,   3.3464783387257904E-002 ,  -3.3464783387257897E-002
  -1.3006497139645606E-002 ,  -6.0715321659188248E-018 ,   3.4185302083615081E-002 ,  -3.4185302083615074E-002
  -1.4056877911818297E-002 ,   2.6020852139652106E-018 ,   3.4901916072990112E-002 ,  -3.4901916072990119E-002
  -1.5100100935829901E-002 ,  -3.9031278209478160E-018 ,   3.5603222483420668E-002 ,  -3.5603222483420668E-002
  -1.6124875154056775E-002 ,   8.2399365108898337E-018 ,   3.6278012712229739E-002 ,  -3.6278012712229732E-002
  -1.7116808308425373E-002 ,   2.1684043449710089E-018 ,   3.6915586186430413E-002 ,  -3.6915586186430413E-002
  -1.8058413044868448E-002 ,   2.1684043449710089E-018 ,   3.7506108696924362E-002 ,  -3.7506108696924376E-002
  -1.8929347604958055E-002 ,  -1.4311468676808659E-017 ,   3.8040987215716388E-002 ,  -3.8040987215716401E-002
  -1.9706937962804431E-002 ,   5.6378512969246231E-018 ,   3.8513219829912557E-002 ,  -3.8513219829912598E-002
  -2.0367003725757633E-002 ,  -1.5612511283791264E-017 ,   3.8917673585662692E-002 ,  -3.8917673585662664E-002
  -2.0884980257047821E-002 ,   1.4311468676808659E-017 ,   3.9251247104786738E-002 ,  -3.9251247104786766E-002
  -2.1237300356503244E-002 ,   1.5612511283791264E-017 ,   3.9512888313324550E-002 ,  -3.9512888313324543E-002
  -2.1402973730451583E-002 ,   1.6479873021779667E-017 ,   3.9703456685386454E-002 ,  -3.9703456685386468E-002
  -2.1365279303031226E-002 ,  -3.4694469519536142E-018 ,   3.9825438352893178E-002 ,  -3.9825438352893192E-002
  -2.1113457977105787E-002 ,  -5.2041704279304213E-018 ,   3.9882536849100654E-002 ,  -3.9882536849100647E-002
  -2.0644257553900550E-002 ,   3.4694469519536142E-018 ,   3.9879172509347027E-002 ,  -3.9879172509346986E-002
  -1.9963142801341358E-002 ,  -1.8214596497756474E-017 ,   3.9819935788578106E-002 ,  -3.9819935788578120E-002
  -1.9084960184779023E-002 ,  -6.9388939039072284E-018 ,   3.9709061553559057E-002 ,  -3.9709061553559043E-002
  -1.8033861117606974E-002 ,   6.9388939039072284E-018 ,   3.9550022313551786E-002 ,  -3.9550022313551793E-002
  -1.6842352035070816E-002 ,  -1.3877787807814457E-017 ,   3.9345361407693118E-002 ,  -3.9345361407693139E-002
  -1.5549446619462181E-002 ,   1.6479873021779667E-017 ,   3.9096871741466518E-002 ,  -3.9096871741466518E-002
  -1.4198022764289657E-002 ,  -1.3010426069826053E-017 ,   3.8806146757035462E-002 ,  -3.8806146757035469E-002
  -1.2831611664435527E-002 ,   1.1275702593849246E-017 ,   3.8475394710526849E-002 ,  -3.8475394710526870E-002
  -1.1490954612960578E-002 ,  -2.6020852139652106E-017 ,   3.8108265193118669E-002 ,  -3.8108265193118697E-002
  -1.0210743717281335E-002 ,  -3.4694469519536142E-018 ,   3.7710363376178259E-002 ,  -3.7710363376178266E-002
  -9.0169960088410540E-003 ,   5.2041704279304213E-018 ,   3.7289180958867435E-002 ,  -3.7289180958867449E-002
  -7.9254655039520082E-003 ,   1.0408340855860843E-017 ,   3.6853354975594901E-002 ,  -3.6853354975594908E-002
  -6.9413502107618453E-003 ,   8.6736173798840355E-018 ,   3.6411411464705820E-002 ,  -3.6411411464705806E-002
  -6.0603114986108927E-003 ,   1.2143064331837650E-017 ,   3.5970357303518954E-002 ,  -3.5970357303518975E-002
  -5.2705541486391238E-003 ,   1.2143064331837650E-017 ,   3.5534560487237327E-002 ,  -3.5534560487237327E-002
  -4.5555133467204160E-003 ,   4.3368086899420177E-018 ,   3.5105274192053573E-002 ,  -3.5105274192053601E-002
  -3.8966390749683140E-003 ,   3.4694469519536142E-018 ,   3.4680949586570330E-002 ,  -3.4680949586570350E-002
  -3.2758688388835181E-003 ,  -2.6020852139652106E-018 ,   3.4258230045126188E-002 ,  -3.4258230045126174E-002
  -2.6775669814893201E-003 ,  -1.7347234759768071E-018 ,   3.3833316033016751E-002 ,  -3.3833316033016758E-002
  -2.0898772462816136E-003 ,   3.2959746043559335E-017 ,   3.3403296367543182E-002 ,  -3.3403296367543196E-002
  -1.5055093989369721E-003 ,   8.6736173798840355E-018 ,   3.2967069041694670E-002 ,  -3.2967069041694677E-002
  -9.2195957088707738E-004 ,   1.0408340855860843E-017 ,   3.2525590603897932E-002 ,  -3.2525590603897953E-002
  -3.4111316897877388E-004 ,  -7.8062556418956319E-018 ,   3.2081348901622821E-002 ,  -3.2081348901622821E-002
   2.3182015218126345E-004 ,  -9.5409791178724390E-018 ,   3.1637120134748259E-002 ,  -3.1637120134748259E-002
   7.8999335424312118E-004 ,  -1.2143064331837650E-017 ,   3.1194247439543556E-002 ,  -3.1194247439543597E-002
   1.3270015956196846E-003 ,  -1.1275702593849246E-017 ,   3.0750862982037816E-002 ,  -3.0750862982037823E-002
   1.8389132534314271E-003 ,  -2.6020852139652106E-018 ,   3.0300620291338787E-002 ,  -3.0300620291338780E-002
   2.3256686513664897E-003 ,   8.6736173798840355E-019 ,   2.9832511951657908E-002 ,  -2.9832511951657901E-002
   2.7913028802119743E-003 ,  -9.5409791178724390E-018 ,   2.9332136797810170E-002 ,  -2.9332136797810174E-002
   3.2427269255955564E-003 ,  -1.7347234759768071E-018 ,   2.8784356346875307E-002 ,  -2.8784356346875296E-002
   3.6872500115269560E-003 ,   8.6736173798840355E-019 ,   2.8176771445396449E-002 ,  -2.8176771445396445E-002
   4.1294753305208508E-003 ,   1.3010426069826053E-018 ,   2.7503075634729392E-002 ,  -2.7503075634729399E-002
   4.5684699209225478E-003 ,  -7.8062556418956319E-018 ,   2.6765302672361907E-002 ,  -2.6765302672361935E-002
   4.9960948406426028E-003 ,  -6.0715321659188248E-018 ,   2.5974329763278847E-002 ,  -2.5974329763278833E-002
   5.3970943729831381E-003 ,  -4.3368086899420177E-019 ,   2.5148564415784801E-002 ,  -2.5148564415784815E-002
   5.7510842148227838E-003 ,  -5.2041704279304213E-018 ,   2.4311258904007642E-002 ,  -2.4311258904007635E-002
   6.0360876765079303E-003 ,   4.7704895589362195E-018 ,   2.3487154792254029E-002 ,  -2.3487154792254019E-002
   6.2328715671808024E-003 ,   6.5052130349130266E-018 ,   2.2699125726175804E-002 ,  -2.2699125726175787E-002
   6.3291158520130753E-003 ,  -5.6378512969246231E-018 ,   2.1965270552971549E-002 ,  -2.1965270552971539E-002
   6.3224549049801116E-003 ,  -4.3368086899420177E-019 ,   2.1296670510319783E-002 ,  -2.1296670510319790E-002
   6.2216490077348068E-003 ,  -6.0715321659188248E-018 ,   2.0695887741531589E-002 ,  -2.0695887741531600E-002
   6.0455350742679402E-003 ,   3.9031278209478160E-018 ,   2.0156288844536151E-002 ,  -2.0156288844536144E-002
   5.8198887942110221E-003 ,  -5.6378512969246231E-018 ,   1.9662368363386782E-002 ,  -1.9662368363386782E-002
   5.5728180783621295E-003 ,  -2.6020852139652106E-018 ,   1.9191291196061909E-002 ,  -1.9191291196061909E-002
   5.3297017766034318E-003 ,   5.6378512969246231E-018 ,   1.8715744227143984E-002 ,  -1.8715744227143980E-002
   5.1088747604442642E-003 ,   2.1684043449710089E-018 ,   1.8207866270188267E-002 ,  -1.8207866270188257E-002
   4.9191342957235935E-003 ,  -3.4694469519536142E-018 ,   1.7643637561086056E-002 ,  -1.7643637561086063E-002
   4.7596709213605422E-003 ,   7.3725747729014302E-018 ,   1.7006858147311187E-002 ,  -1.7006858147311191E-002
   4.6223202363278523E-003 ,  -4.3368086899420177E-019 ,   1.6291873326616784E-002 ,  -1.6291873326616794E-002
   4.4953374769071928E-003 ,   7.3725747729014302E-018 ,   1.5504509028350183E-002 ,  -1.5504509028350176E-002
   4.3674897498328733E-003 ,  -3.0357660829594124E-018 ,   1.4661126103898718E-002 ,  -1.4661126103898730E-002
   4.2312946709562446E-003 ,   3.4694469519536142E-018 ,   1.3786122526795005E-002 ,  -1.3786122526795005E-002
   4.0846578568836346E-003 ,   1.7347234759768071E-018 ,   1.2908491157698614E-002 ,  -1.2908491157698610E-002
   3.9307609852273287E-003 ,   1.7347234759768071E-018 ,   1.2058137000468998E-002 ,  -1.2058137000468991E-002
   3.7765765459321600E-003 ,   1.2576745200831851E-017 ,   1.1262584883442091E-002 ,  -1.1262584883442088E-002
   3.6306699047045296E-003 ,   8.6736173798840355E-019 ,   1.0544511812535842E-002 ,  -1.0544511812535847E-002
   3.5009634269418674E-003 ,   4.3368086899420177E-019 ,   9.9202846757042353E-003 ,  -9.9202846757042353E-003
   3.3929574587590874E-003 ,  -1.3010426069826053E-018 ,   9.3994478485004158E-003 ,  -9.3994478485004140E-003
   3.3086468685265993E-003 ,  -8.6736173798840355E-019 ,   8.9849458954978680E-003 ,  -8.9849458954978697E-003
   3.2461408668851806E-003 ,  -8.6736173798840355E-019 ,   8.6738086965648647E-003 ,  -8.6738086965648629E-003
   3.1998436305822726E-003 ,   8.6736173798840355E-019 ,   8.4580569643893429E-003 ,  -8.4580569643893412E-003
   3.1609940404910813E-003 ,  -1.3010426069826053E-018 ,   8.3256687281108750E-003 ,  -8.3256687281108768E-003
   3.1183756600175350E-003 ,   4.3368086899420177E-019 ,   8.2615422770905417E-003 ,  -8.2615422770905434E-003
   3.0590640130092168E-003 ,   1.3010426069826053E-018 ,   8.2484704671625074E-003 ,  -8.2484704671625057E-003
   2.9691518343724264E-003 ,   2.6020852139652106E-018 ,   8.2681934778756714E-003 ,  -8.2681934778756662E-003
   2.8344674987636287E-003 ,   4.3368086899420177E-018 ,   8.3026210042523862E-003 ,  -8.3026210042523741E-003
   2.6413679515368124E-003 ,   3.9031278209478160E-018 ,   8.3353087460505716E-003 ,  -8.3353087460505751E-003
   2.3777392755954473E-003 ,   1.3010426069826053E-018 ,   8.3532229793554444E-003 ,  -8.3532229793554444E-003
   2.0343694711525669E-003 ,   0.0000000000000000      ,   8.3486928542070155E-003 ,  -8.3486928542070137E-003
   1.6068580897209441E-003 ,   8.6736173798840355E-019 ,   8.3211720838552352E-003 ,  -8.3211720838552439E-003
   1.0981613908152381E-003 ,  -4.3368086899420177E-019 ,   8.2779696875492637E-003 ,  -8.2779696875492567E-003
   5.2164045722480888E-004 ,   6.5052130349130266E-019 ,   8.2325890811854544E-003 ,  -8.2325890811854509E-003
  -9.6078667964373358E-005 ,   2.1684043449710089E-019 ,   8.1992403491590940E-003 ,  -8.1992403491590836E-003
  -7.1402476180652710E-004 ,   0.0000000000000000      ,   8.1832905288100125E-003 ,  -8.1832905288100107E-003
  -1.2798673638650447E-003 ,   2.1684043449710089E-019 ,   8.1702630837152471E-003 ,  -8.1702630837152557E-003
  -1.7385662233778247E-003 ,   4.3368086899420177E-019 ,   8.1192096687426885E-003 ,  -8.1192096687426850E-003
  -2.0454509745390982E-003 ,   2.1684043449710089E-019 ,   7.9669075413112567E-003 ,  -7.9669075413112481E-003
  -2.1787950559741453E-003 ,  -7.5894152073985310E-019 ,   7.6451535416936821E-003 ,  -7.6451535416936786E-003
  -2.1455893616270363E-003 ,   8.6736173798840355E-019 ,   7.1059176762136179E-003 ,  -7.1059176762136170E-003
  -1.9773994838395903E-003 ,  -4.3368086899420177E-019 ,   6.3433231340373677E-003 ,  -6.3433231340373746E-003
  -1.7190172954689980E-003 ,   4.8789097761847700E-019 ,   5.4017913161656331E-003 ,  -5.4017913161656349E-003
  -1.4162697843625692E-003 ,  -2.1684043449710089E-019 ,   4.3661944640250331E-003 ,  -4.3661944640250409E-003
  -1.1079974622204651E-003 ,  -5.4210108624275222E-020 ,   3.3383296132303824E-003 ,  -3.3383296132303798E-003
  -8.2296011234851522E-004 ,   1.8973538018496328E-019 ,   2.4097196337824391E-003 ,  -2.4097196337824400E-003
  -5.7955450688603014E-004 ,   0.0000000000000000      ,   1.6412017348534248E-003 ,  -1.6412017348534222E-003
  -3.8645981855855451E-004 ,   2.0328790734103208E-020 ,   1.0554483824830590E-003 ,  -1.0554483824830579E-003
  -2.4388899771819934E-004 ,  -2.7105054312137611E-020 ,   6.4217756852932829E-004 ,  -6.4217756852932829E-004
  -1.4577645208788055E-004 ,   1.6940658945086007E-020 ,   3.7081592432126279E-004 ,  -3.7081592432126225E-004
  -8.2692341190232128E-005 ,  -1.6940658945086007E-021 ,   2.0401623412093900E-004 ,  -2.0401623412093895E-004
  -4.4650416077241259E-005 ,   4.2351647362715017E-021 ,   1.0743251355826384E-004 ,  -1.0743251355826419E-004
  -2.3031539185251586E-005 ,  -5.9292306307801024E-021 ,   5.4404571328860310E-005 ,  -5.4404571328860770E-005
  -1.1392417432091619E-005 ,   2.3293406049493259E-021 ,   2.6619591720595120E-005 ,  -2.6619591720594964E-005
  -5.4245883040775446E-006 ,  -8.8938459461701536E-021 ,   1.2639703449680690E-005 ,  -1.2639703449681316E-005
  -2.4957480330947997E-006 ,  -3.4940109074239889E-021 ,   5.8468160369092084E-006 ,  -5.8468160369087798E-006
  -1.1135685441643170E-006 ,  -1.4293680984916318E-021 ,   2.6432402845856301E-006 ,  -2.6432402845847996E-006
  -4.8371893681521585E-007 ,   6.0417271940873141E-021 ,   1.1708554187878878E-006 ,  -1.1708554187874983E-006
  -2.0555651069501969E-007 ,   4.0035541647566539E-021 ,   5.0942525408671941E-007 ,  -5.0942525408633052E-007
  -8.6133237372068282E-008 ,  -2.8488100296326273E-021 ,   2.1853265062327841E-007 ,  -2.1853265062316994E-007
  -3.6151374533885149E-008 ,   2.1837568171399931E-021 ,   9.3224691441943073E-008 ,  -9.3224691441560082E-008
  -1.5689943243499511E-008 ,   2.8496372102451803E-021 ,   4.0361863893540589E-008 ,  -4.0361863893484135E-008
  -7.4455541193948917E-009 ,   5.9308849920052084E-022 ,   1.8517660316786429E-008 ,  -1.8517660317076638E-008
  -4.1299179736782749E-009 ,  -2.4269479172305832E-021 ,   9.6512922072019824E-009 ,  -9.6512922073189490E-009
  -2.7563667842963742E-009 ,  -3.5341291671328107E-022 ,   6.0789979264948402E-009 ,  -6.0789979265674088E-009
  -2.1338990796957674E-009 ,  -1.5615102013469780E-021 ,   4.6077845285403200E-009 ,  -4.6077845282539980E-009
  -1.8005427864644835E-009 ,  -1.2312583417851817E-021 ,   3.9473496927330061E-009 ,  -3.9473496927448348E-009
  -1.5819525598668846E-009 ,   1.4506679992648723E-021 ,   3.5924948147657539E-009 ,  -3.5924948141362410E-009
  -1.4138084318387765E-009 ,   1.5075366663778929E-021 ,   3.3522196656406500E-009 ,  -3.3522196653463284E-009
  -1.2725061748181729E-009 ,   1.4208894972129633E-021 ,   3.1569686171516319E-009 ,  -3.1569686168085413E-009
  -1.1490210732428919E-009 ,   9.4050435647279247E-022 ,   2.9823309666079142E-009 ,  -2.9823309666016790E-009
  -1.0394133494180305E-009 ,   1.2591756874588464E-021 ,   2.8199574343266705E-009 ,  -2.8199574343115621E-009
  -9.4151290097250723E-010 ,   2.8444673314167239E-021 ,   2.6669399181430221E-009 ,  -2.6669399179563100E-009
  -8.5380851822122047E-010 ,   8.1704765004925309E-022 ,   2.5221216097261245E-009 ,  -2.5221216096236575E-009
  -7.7508784702946538E-010 ,   9.0100648222338539E-022 ,   2.3848859088210081E-009 ,  -2.3848859086845423E-009
  -7.0431892245326493E-010 ,  -1.3741537926037172E-022 ,   2.2547833381532692E-009 ,  -2.2547833380135232E-009
  -6.4060522946498389E-010 ,   1.4464286986255380E-021 ,   2.1314244221316927E-009 ,  -2.1314244223475786E-009
  -5.8316268862229426E-010 ,  -3.8091667208066924E-022 ,   2.0144509767183586E-009 ,  -2.0144509766339101E-009
  -5.3130370437556671E-010 ,   1.2825435397634694E-021 ,   1.9035283742066728E-009 ,  -1.9035283744216203E-009
  -4.8442420264128713E-010 ,  -4.3416642401377040E-022 ,   1.7983426726444231E-009 ,  -1.7983426726388661E-009
  -4.4199258422891710E-010 ,  -5.1647089496279665E-022 ,   1.6985987574082481E-009 ,  -1.6985987572818839E-009
  -4.0354023916496776E-010 ,   2.6542157905295276E-022 ,   1.6040187569024120E-009 ,  -1.6040187568070819E-009
  -3.6865339541020568E-010 ,  -4.5102022899453834E-022 ,   1.5143406177983161E-009 ,  -1.5143406178417520E-009
  -3.3696610698241417E-010 ,  -1.6254099036666994E-022 ,   1.4293168451548253E-009 ,  -1.4293168452327249E-009
  -3.0815420759410347E-010 ,  -5.0158164393684216E-022 ,   1.3487133883823503E-009 ,  -1.3487133882454779E-009
  -2.8193009664495462E-010 ,  -4.5091683141796921E-022 ,   1.2723086623424528E-009 ,  -1.2723086621529902E-009
  -2.5803822348614577E-010 ,   4.1255633051082255E-023 ,   1.1998926908045945E-009 ,  -1.1998926907402438E-009
  -2.3625117795699631E-010 ,  -1.0076093836661568E-022 ,   1.1312663522094449E-009 ,  -1.1312663520654303E-009
  -2.1636629183284634E-010 ,   4.8953582626653869E-022 ,   1.0662406888910984E-009 ,  -1.0662406886905286E-009
  -1.9820268303385744E-010 ,   7.6824399390862445E-023 ,   1.0046362957541746E-009 ,  -1.0046362957711512E-009
  -1.8159868063034832E-010 ,   2.1739340473659259E-022 ,   9.4628277548824793E-010 ,  -9.4628277551311608E-010
  -1.6640957646551906E-010 ,  -4.7459487645229963E-022 ,   8.9101822007310573E-010 ,  -8.9101822004866802E-010
  -1.5250565977805827E-010 ,  -2.5792525475169094E-022 ,   8.3868875471952473E-010 ,  -8.3868875474341856E-010
  -1.3977049668054863E-010 ,   1.9748937124703536E-023 ,   7.8914810508086202E-010 ,  -7.8914810513211692E-010
  -1.2809942297511302E-010 ,   2.7963874583120792E-022 ,   7.4225719738305760E-010 ,  -7.4225719730883427E-010
  -1.1739822039089145E-010 ,   4.5494933690416522E-023 ,   6.9788379415873935E-010 ,  -6.9788379419068744E-010
  -1.0758195454381806E-010 ,   1.9940222641356423E-022 ,   6.5590213824004845E-010 ,  -6.5590213813092151E-010
  -9.8573951884223028E-011 ,   1.6155871338926322E-022 ,   6.1619263137688613E-010 ,  -6.1619263139097704E-010
  -9.0304899326047667E-011 ,   6.5554063544827443E-023 ,   5.7864152286070533E-010 ,  -5.7864152283316735E-010
  -8.2712051192116051E-011 ,   4.1074687292086280E-023 ,   5.4314061999618847E-010 ,  -5.4314061999723899E-010
  -7.5738528131379408E-011 ,   1.0931708782771106E-022 ,   5.0958701414848935E-010 ,  -5.0958701407893825E-010
  -6.9332698237280909E-011 ,  -1.3987107170388852E-022 ,   4.7788281434693867E-010 ,  -4.7788281428692630E-010
  -6.3447630839080717E-011 ,   1.4917685359511008E-022 ,   4.4793490223313447E-010 ,  -4.4793490221677707E-010
  -5.8040611822035747E-011 ,  -6.9715816001734864E-023 ,   4.1965469691520578E-010 ,  -4.1965469691791898E-010
  -5.3072714841460380E-011 ,   6.2917425342314668E-023 ,   3.9295792727525671E-010 ,  -3.9295792719762617E-010
  -4.8508420769846774E-011 ,  -5.4593920428499827E-023 ,   3.6776442195205585E-010 ,  -3.6776442193970651E-010
  -4.4315279735883147E-011 ,  -6.6898232040226113E-023 ,   3.4399790255621071E-010 ,  -3.4399790254754817E-010
  -4.0463611623246282E-011 ,   1.0029564927205461E-023 ,   3.2158579252389848E-010 ,  -3.2158579249384365E-010
  -3.6926237983784476E-011 ,  -1.1839022517165209E-023 ,   3.0045903397935467E-010 ,  -3.0045903400571935E-010
  -3.3678244510456944E-011 ,   7.4317008159061080E-024 ,   2.8055190875382868E-010 ,  -2.8055190876141310E-010
  -3.0696769027174780E-011 ,   6.2878651251101244E-023 ,   2.6180187544384712E-010 ,  -2.6180187546323628E-010
  -2.7960811281527024E-011 ,  -3.0049920690402959E-023 ,   2.4414940947899749E-010 ,  -2.4414940945696739E-010
  -2.5451064000897924E-011 ,  -1.3570931924698110E-023 ,   2.2753785396771510E-010 ,  -2.2753785399625467E-010
  -2.3149760957069155E-011 ,  -2.5914017627637820E-023 ,   2.1191327555324745E-010 ,  -2.1191327552534298E-010
  -2.1040540971168508E-011 ,  -1.5470862394155846E-023 ,   1.9722432911743465E-010 ,  -1.9722432911941984E-010
  -1.9108325612806955E-011 ,   1.2601579644362531E-023 ,   1.8342213002483041E-010 ,  -1.8342213004731551E-010
  -1.7339209368218746E-011 ,   1.0132962503774589E-023 ,   1.7046013226566870E-010 ,  -1.7046013227479115E-010
  -1.5720360871625753E-011 ,  -1.0210510686201435E-023 ,   1.5829401239526494E-010 ,  -1.5829401239561406E-010
  -1.4239933508046113E-011 ,  -8.9180409790873296E-025 ,   1.4688155990734673E-010 ,  -1.4688155991368591E-010
  -1.2886984905704799E-011 ,   5.5576197405906547E-025 ,   1.3618257529036607E-010 ,  -1.3618257529246318E-010
  -1.1651403838181592E-011 ,  -6.3783380046081118E-024 ,   1.2615877031662184E-010 ,  -1.2615877032355377E-010
  -1.0523844229699489E-011 ,   1.3971597533903483E-023 ,   1.1677367690643814E-010 ,  -1.1677367690126857E-010
  -9.4956650128608018E-012 ,   2.0789375238930391E-023 ,   1.0799255922975967E-010 ,  -1.0799255920902176E-010
  -8.5588755823858168E-012 ,  -1.0578864552728955E-023 ,   9.9782330709842746E-011 ,  -9.9782330706713832E-011
  -7.7060859632718957E-012 ,  -4.9307719326403134E-024 ,   9.2111477043158419E-011 ,  -9.2111477037180888E-011
  -6.9304613608710341E-012 ,   2.7788098702953273E-024 ,   8.4949981273071795E-011 ,  -8.4949981273842960E-011
  -6.2256807316113681E-012 ,   1.2200914035157158E-023 ,   7.8269254946715243E-011 ,  -7.8269254936646723E-011
  -5.5858986267481496E-012 ,   2.0808762284537102E-024 ,   7.2042072237728010E-011 ,  -7.2042072246215167E-011
  -5.0057103209209748E-012 ,  -1.0265440648753785E-023 ,   6.6242508041469352E-011 ,  -6.6242508042261791E-011
  -4.4801197707337683E-012 ,  -3.3378030186221781E-024 ,   6.0845878965106014E-011 ,  -6.0845878952070216E-011
  -4.0045100166236047E-012 ,   2.2230478962362619E-024 ,   5.5828688477126425E-011 ,  -5.5828688473113055E-011
  -3.5746159876794486E-012 ,   4.5236439748993701E-025 ,   5.1168574367503700E-011 ,  -5.1168574363835554E-011
  -3.1864993543248292E-012 ,   4.7013585596275596E-024 ,   4.6844259127131359E-011 ,  -4.6844259124415434E-011
  -2.8365252759841114E-012 ,   3.1277766912161359E-024 ,   4.2835503346604069E-011 ,  -4.2835503337529472E-011
  -2.5213408576273483E-012 ,  -1.4895713374490069E-024 ,   3.9123061122222649E-011 ,  -3.9123061126278936E-011
  -2.2378551608997569E-012 ,  -5.8920462773064296E-024 ,   3.5688638242754844E-011 ,  -3.5688638248081557E-011
  -1.9832206930832459E-012 ,  -1.1438356907959836E-024 ,   3.2514852200515840E-011 ,  -3.2514852206619489E-011
  -1.7548161253156302E-012 ,  -2.3636039768849209E-024 ,   2.9585194184862287E-011 ,  -2.9585194187872727E-011
  -1.5502302835494485E-012 ,   2.0614891828469987E-024 ,   2.6883993099185715E-011 ,  -2.6883993101876430E-011
  -1.3672472028301256E-012 ,   1.9419357349389439E-024 ,   2.4396381256535080E-011 ,  -2.4396381255016667E-011
  -1.2038321424035680E-012 ,  -1.0662875083691372E-025 ,   2.2108261356451603E-011 ,  -2.2108261356403058E-011
  -1.0581186376511224E-012 ,  -1.2052280018839036E-024 ,   2.0006275368585483E-011 ,  -2.0006275367173343E-011
  -9.2839634002007568E-013 ,   1.1696850849382657E-024 ,   1.8077774539479885E-011 ,  -1.8077774536279362E-011
  -8.1309967089406835E-013 ,   1.2625813451370920E-024 ,   1.6310790557963302E-011 ,  -1.6310790557744645E-011
  -7.1079721938156085E-013 ,   1.4338335813297111E-024 ,   1.4694008072682102E-011 ,  -1.4694008070045722E-011
  -6.2018184235380086E-013 ,  -1.9928267296565618E-024 ,   1.3216737943646865E-011 ,  -1.3216737945986914E-011
  -5.4006139129335347E-013 ,   1.8821590109849165E-025 ,   1.1868891800977825E-011 ,  -1.1868891801455547E-011
  -4.6935003717850668E-013 ,  -6.7046866056544235E-026 ,   1.0640957373430838E-011 ,  -1.0640957373656487E-011
  -4.0706017621705600E-013 ,  -2.8717061304941537E-025 ,   9.5239745265060883E-012 ,  -9.5239745264686810E-012
  -3.5229484178270770E-013 ,  -7.4478566872450343E-025 ,   8.5095122723189318E-012 ,  -8.5095122713942182E-012
  -3.0424062741493505E-013 ,   1.0723459601212346E-024 ,   7.5896462933752389E-012 ,  -7.5896462927037395E-012
  -2.6216105067513868E-013 ,  -5.9332437492206917E-025 ,   6.7569372570844010E-012 ,  -6.7569372565108474E-012
  -2.2539038378756053E-013 ,   3.6754607296057382E-026 ,   6.0044097239954963E-012 ,  -6.0044097248397957E-012
  -1.9332787343936384E-013 ,   1.2108825568525278E-024 ,   5.3255316370964590E-012 ,  -5.3255316380522872E-012
  -1.6543235120606202E-013 ,   1.7630094598603349E-025 ,   4.7141943195298249E-012 ,  -4.7141943194700837E-012
  -1.4121722125571949E-013 ,   9.9358608734396879E-025 ,   4.1646930757160442E-012 ,  -4.1646930748794423E-012
  -1.2024578042420335E-013 ,  -3.9379936388632909E-026 ,   3.6717082566710211E-012 ,  -3.6717082559978488E-012
  -1.0212687201649858E-013 ,  -3.1503949110906327E-026 ,   3.2302867937544068E-012 ,  -3.2302867933558225E-012
  -8.6510845512358716E-014 ,   7.6033569488822002E-025 ,   2.8358242461516956E-012 ,  -2.8358242466099731E-012
  -7.3085806195062865E-014 ,   1.5418759709087808E-024 ,   2.4840473020566555E-012 ,  -2.4840473017718154E-012
  -6.1574141731908280E-014 ,   1.1228330580553794E-025 ,   2.1709967058685783E-012 ,  -2.1709967057438138E-012
  -5.1729305735629881E-014 ,   4.4761861028412740E-025 ,   1.8930106805205798E-012 ,  -1.8930106808584096E-012
  -4.3332846566878326E-014 ,   1.5494490355989025E-025 ,   1.6467087861459777E-012 ,  -1.6467087860945790E-012
  -3.6191669033651649E-014 ,  -3.4795707896212566E-025 ,   1.4289762240244351E-012 ,  -1.4289762237278427E-012
  -3.0135508727609288E-014 ,   9.3214328915811462E-025 ,   1.2369486047336080E-012 ,  -1.2369486046089113E-012
  -2.5014614611578283E-014 ,  -6.0872293979198332E-025 ,   1.0679971650711294E-012 ,  -1.0679971650697104E-012
  -2.0697622695125204E-014 ,   1.0191830459965802E-024 ,   9.1971446084109380E-013 ,  -9.1971446076189449E-013
  -1.7069610051732474E-014 ,  -5.5871546928821294E-025 ,   7.8990052311741104E-013 ,  -7.8990052306799487E-013
  -1.4030314385639641E-014 ,  -1.0685341842272067E-024 ,   6.7654948666637732E-013 ,  -6.7654948666802603E-013
  -1.1492516757520170E-014 ,  -8.4379717866060307E-025 ,   5.7783669909470545E-013 ,  -5.7783669922665843E-013
  -9.3805681721119515E-015 ,  -4.4724942338048397E-025 ,   4.9210631887257329E-013 ,  -4.9210631879931510E-013
  -7.6290556955693321E-015 ,  -1.2296511355095461E-024 ,   4.1785940844881990E-013 ,  -4.1785940848631294E-013
  -6.1815935206257013E-015 ,  -1.0473927119672836E-024 ,   3.5374251896953633E-013 ,  -3.5374251895151189E-013
  -4.9897353913185382E-015 ,  -1.2588957869878995E-025 ,   2.9853677279501893E-013 ,  -2.9853677279475044E-013
  -4.0119946476407275E-015 ,  -3.0082737304060153E-025 ,   2.5114746166443312E-013 ,  -2.5114746168361670E-013
  -3.2129679214822083E-015 ,   1.5714109232002555E-025 ,   2.1059412815512007E-013 ,  -2.1059412814357529E-013
  -2.5625468288881743E-015 ,  -4.7366995281814610E-025 ,   1.7600118114756598E-013 ,  -1.7600118113436085E-013
  -2.0352244052569832E-015 ,   9.4842537824187631E-025 ,   1.4658897527348780E-013 ,  -1.4658897528922917E-013
  -1.6094651645104611E-015 ,  -7.2052661816714688E-025 ,   1.2166544115108179E-013 ,  -1.2166544115410349E-013
  -1.2671666347415442E-015 ,  -7.8093443084535108E-025 ,   1.0061814237073374E-013 ,  -1.0061814237930272E-013
  -9.9316062871583979E-016 ,   1.4797768404497828E-025 ,   8.2906914270802163E-014 ,  -8.2906914267866250E-014
  -7.7480590452800047E-016 ,   3.2155232674256795E-025 ,   6.8056856970902373E-014 ,  -6.8056856956886840E-014
  -6.0158737827920728E-016 ,  -1.6542097638122529E-025 ,   5.5651967536634647E-014 ,  -5.5651967530519486E-014
  -4.6483220673615239E-016 ,   3.8352523945673064E-025 ,   4.5329005301950822E-014 ,  -4.5329005305278761E-014
  -3.5736757108640679E-016 ,   9.8626545814351780E-026 ,   3.6772105132408344E-014 ,  -3.6772105131455375E-014
  -2.7335923067202933E-016 ,   4.4145918433616174E-025 ,   2.9707418686607781E-014 ,  -2.9707418689219800E-014
  -2.0799065867755864E-016 ,  -3.4785610476625737E-025 ,   2.3898713182945666E-014 ,  -2.3898713182592019E-014
  -1.5742995857796609E-016 ,   1.3634798103584803E-024 ,   1.9142641253758175E-014 ,  -1.9142641252072038E-014
  -1.1847733589508654E-016 ,  -8.4159467901322600E-025 ,   1.5265363205833594E-014 ,  -1.5265363207423947E-014
  -8.8703361485793708E-017 ,  -1.6774843159598936E-024 ,   1.2118236719372684E-014 ,  -1.2118236721025625E-014
  -6.5977267561605736E-017 ,  -1.6965431954300333E-024 ,   9.5755722596342027E-015 ,  -9.5755722582839253E-015
  -4.8856692983976394E-017 ,   3.1594825887187788E-025 ,   7.5304198771154676E-015 ,  -7.5304198763014294E-015
  -3.5869520042350409E-017 ,   1.3550737085524452E-025 ,   5.8936967115175247E-015 ,  -5.8936967101474090E-015
  -2.6295044975565584E-017 ,   1.1377267519459521E-025 ,   4.5895696801265690E-015 ,  -4.5895696798883709E-015
  -1.8994423008826655E-017 ,  -5.6394088392439692E-026 ,   3.5564243123813450E-015 ,  -3.5564243126456197E-015
  -1.3841850532410810E-017 ,  -1.0818122909838867E-024 ,   2.7410384861781365E-015 ,  -2.7410384860762725E-015
  -9.7455479594265008E-018 ,   6.1773488677322816E-025 ,   2.1022643320046403E-015 ,  -2.1022643316249142E-015
  -7.1704529121411624E-018 ,   9.3906002157509245E-026 ,   1.6026568236938369E-015 ,  -1.6026568239615952E-015
  -4.7682555725053448E-018 ,   3.1352487817103893E-026 ,   1.2164487715836419E-015 ,  -1.2164487716588424E-015
  -3.7433252600627201E-018 ,   1.8089527189804066E-025 ,   9.1637401236670776E-016 ,  -9.1637401232361702E-016
  -2.0956314392638755E-018 ,  -1.0009824471913210E-024 ,   6.8874113363239447E-016 ,  -6.8874113350771658E-016
  -2.1235283837071101E-018 ,   6.3161883870511796E-025 ,   5.1158796756477265E-016 ,  -5.1158796754452732E-016
  -5.8228633344480343E-019 ,   1.1652422203200610E-025 ,   3.8181655478506951E-016 ,  -3.8181655468939646E-016
  -1.5425963377857701E-018 ,  -1.3980129853454354E-024 ,   2.7794936502690235E-016 ,  -2.7794936500367829E-016
   4.5251162836882935E-019 ,  -5.8060162624266469E-025 ,   2.0812126314532775E-016 ,  -2.0812126315320374E-016
  -1.6575279475446179E-018 ,  -4.4251941339277878E-025 ,   1.4561590503027109E-016 ,  -1.4561590501593276E-016
   1.4612855991347235E-018 ,  -8.9950338034369004E-025 ,   1.1336858350345904E-016 ,  -1.1336858352446167E-016
  -2.4108615298709049E-018 ,   8.6292547789040216E-025 ,   7.1244851422014734E-017 ,  -7.1244851416158230E-017
   2.8530515226237023E-018 ,  -9.2883638424342814E-025 ,   6.5101006066111621E-017 ,  -6.5101006060457066E-017
  -4.0058090793013127E-018 ,  -3.7867847805505274E-025 ,   2.8217804234415909E-017 ,  -2.8217804236031496E-017
   5.1586363146364207E-018 ,   2.9408734546639320E-025 ,   4.5286127564273921E-017 ,  -4.5286127565889508E-017
  -6.9877421631774495E-018 ,   5.5041034167804612E-025 ,  -2.5822142458897292E-019 ,   2.5822142479092131E-019
   9.2211480748208244E-018 ,  -5.6762644207358949E-025 ,   4.5496304215600423E-017 ,  -4.5496304214792630E-017
  -1.2461143574372939E-017 ,  -1.9633422644630213E-024 ,  -2.4988032896857380E-017 ,   2.4988032894635948E-017
   1.6674238485666672E-017 ,  -4.4708849575581888E-025 ,   6.4849180652838811E-017 ,  -6.4849180652434914E-017
  -2.2733767058900525E-017 ,   1.0175169717647534E-024 ,  -5.7884855458238235E-017 ,   5.7884855480856455E-017
   3.0567832477447273E-017 ,  -4.5539362336598570E-025 ,   1.1555272535863389E-016 ,  -1.1555272535297934E-016
  -4.1439655406584632E-017 ,   1.3727441928293959E-025 ,  -1.0831916852564767E-016 ,   1.0831916856765293E-016
   5.5638524616879172E-017 ,   1.0849677346047708E-024 ,   1.9940443439772603E-016 ,  -1.9940443437268443E-016
  -7.7292799375998016E-017 ,  -8.7171023293094335E-025 ,  -1.7521671346959043E-016 ,   1.7521671337750197E-016
   1.0864239415516280E-016 ,   2.3958652324648394E-025 ,   4.1025751578822680E-016 ,  -4.1025751575429947E-016
  -1.5259213121585868E-016 ,   1.0220608105788264E-024 ,  -4.1315133116725596E-016 ,   4.1315133130781204E-016
   1.9833444555338375E-016 ,   1.0160528459246632E-024 ,   8.2650134581852136E-016 ,  -8.2650134586375780E-016
  -2.4709947317366208E-016 ,   6.4729508261366991E-025 ,  -3.3903274353924241E-016 ,   3.3903274355862945E-016
   3.3520906685557001E-016 ,  -6.9596464502218546E-026 ,   1.0346509873704239E-015 ,  -1.0346509873930421E-015
  -5.7773893467478735E-016 ,  -8.2748353514063254E-025 ,  -1.0993862321939624E-015 ,   1.0993862321487259E-015
   9.8368360426807078E-016 ,   4.3070543247618891E-025 ,   5.0803295044358559E-015 ,  -5.0803295044164689E-015
  -1.2114323150980022E-015 ,   1.5388467450327321E-024 ,  -2.8296965254166567E-015 ,   2.8296965252809473E-015
   5.7350374486460353E-016 ,  -1.6723598755195780E-024 ,   8.5850163356660004E-016 ,  -8.5850163378631989E-016
   2.9075424928640221E-016 ,  -2.1689257272508587E-025 ,   1.0347697342784606E-014 ,  -1.0347697342254693E-014
   2.0453964301450987E-015 ,   4.1194947559365413E-025 ,   2.0225230060833438E-014 ,  -2.0225230060458622E-014
  -1.1769039078663606E-014 ,  -6.6158293132903288E-025 ,  -4.6032765866211034E-014 ,   4.6032765866624625E-014
   1.9008917740358529E-014 ,  -2.0053475299442297E-025 ,   4.5675210993178964E-014 ,  -4.5675210990930067E-014
   2.0492941748814151E-015 ,  -3.4179765301416000E-025 ,   1.5514161193811879E-013 ,  -1.5514161193806709E-013
  -6.0150008381556495E-014 ,  -6.9528306920007450E-025 ,  -1.1017537370600073E-013 ,   1.1017537370455317E-013
   6.4866876676517507E-014 ,  -7.8108589213915351E-025 ,  -2.9341122506495343E-013 ,   2.9341122506642684E-013
   1.1860089560805751E-013 ,  -5.3258839610729303E-025 ,   8.9198490275337569E-013 ,  -8.9198490275399607E-013
  -4.9327357775359058E-013 ,   6.8955278358454907E-025 ,   1.2652607099316024E-012 ,  -1.2652607099301096E-012
   4.6102902993309146E-013 ,   8.9109727853765494E-026 ,  -1.2974452473882951E-012 ,   1.2974452473758874E-012
   1.8617610017932849E-012 ,   9.7793508698438391E-025 ,  -2.5498751755195761E-013 ,   2.5498751752052475E-013
  -2.3188716715518786E-012 ,   9.4602724109000443E-025 ,   1.6094618550131055E-011 ,  -1.6094618550150907E-011
   4.5742059911027176E-013 ,  -9.8964809370510550E-025 ,   4.1058089983048414E-011 ,  -4.1058089983078193E-011
   4.0261568172376063E-012 ,  -7.6578830146510765E-025 ,   3.0772560631667911E-012 ,  -3.0772560630476771E-012
  -2.2093997221197891E-012 ,  -1.4091958775378484E-024 ,  -4.4496797502432174E-011 ,   4.4496797502461952E-011
  -3.2398565743864633E-012 ,  -9.0346661753152040E-025 ,  -2.5467143586002898E-011 ,   2.5467143585936724E-011
   4.8114041450766390E-012 ,   9.4594283297314578E-028 ,   3.1849048402015017E-011 ,  -3.1849048402015017E-011
