 mean[omega_x],mean[omega_y],mean[omega_z],dU/dy
  -6.6454268732558233E-002 ,   1.7781555892405783E-025 ,   1.4979106949576846      ,  -1.4979106949576846     
  -6.6389486567882239E-002 ,   3.5236570605778894E-019 ,   1.4980280931295133      ,  -1.4980280931295136     
  -6.6201976902564602E-002 ,  -4.6620693416876691E-018 ,   1.4975562493785468      ,  -1.4975562493785473     
  -6.5894092529846612E-002 ,   4.8789097761847700E-018 ,   1.4961602116353909      ,  -1.4961602116353903     
  -6.5471198298533012E-002 ,  -2.1684043449710089E-019 ,   1.4932156416722151      ,  -1.4932156416722140     
  -6.4939421082475524E-002 ,   4.8789097761847700E-018 ,   1.4882411424177235      ,  -1.4882411424177233     
  -6.4306110430144225E-002 ,  -1.5287250632045613E-017 ,   1.4807590831323565      ,  -1.4807590831323572     
  -6.3578489107794081E-002 ,  -2.6020852139652106E-018 ,   1.4703769882411457      ,  -1.4703769882411462     
  -6.2762403721914189E-002 ,   2.1900883884207190E-017 ,   1.4567860272534887      ,  -1.4567860272534885     
  -6.1861100290566580E-002 ,   3.4694469519536142E-018 ,   1.4397841736662618      ,  -1.4397841736662613     
  -6.0874460862958793E-002 ,  -9.5409791178724390E-018 ,   1.4192842048068568      ,  -1.4192842048068581     
  -5.9798693077420591E-002 ,  -1.5178830414797062E-018 ,   1.3953170483038684      ,  -1.3953170483038688     
  -5.8626546298472838E-002 ,   6.9388939039072284E-018 ,   1.3680280507586291      ,  -1.3680280507586300     
  -5.7347893635803365E-002 ,   8.6736173798840355E-019 ,   1.3376646982299645      ,  -1.3376646982299638     
  -5.5950611116830667E-002 ,   2.6020852139652106E-018 ,   1.3045598153987421      ,  -1.3045598153987434     
  -5.4421542936596595E-002 ,  -1.3010426069826053E-018 ,   1.2691094505715486      ,  -1.2691094505715481     
  -5.2747471268024995E-002 ,  -2.5587171270657905E-017 ,   1.2317498110452418      ,  -1.2317498110452418     
  -5.0915968267088448E-002 ,  -1.3444106938820255E-017 ,   1.1929336639560404      ,  -1.1929336639560415     
  -4.8916125415714856E-002 ,  -7.3725747729014302E-018 ,   1.1531094712597627      ,  -1.1531094712597627     
  -4.6739147977856915E-002 ,  -2.3852447794681098E-017 ,   1.1127036926009626      ,  -1.1127036926009635     
  -4.4378858420663560E-002 ,   5.4210108624275222E-018 ,   1.0721078337564385      ,  -1.0721078337564376     
  -4.1832124491666824E-002 ,   3.0357660829594124E-017 ,   1.0316699405272411      ,  -1.0316699405272405     
  -3.9099225217198462E-002 ,   2.1250362580715887E-017 ,  0.99169061535958769      , -0.99169061535958769     
  -3.6184131568656457E-002 ,  -3.7730235602495554E-017 ,  0.95242259678853158      , -0.95242259678853214     
  -3.3094669900688059E-002 ,   4.0549161250957866E-017 ,  0.91407317198150273      , -0.91407317198150240     
  -2.9842528879860324E-002 ,   7.1557343384043293E-018 ,  0.87680831790327596      , -0.87680831790327618     
  -2.6443087379772037E-002 ,   5.5727991665754928E-017 ,  0.84075775824940779      , -0.84075775824940691     
  -2.2915060709598995E-002 ,  -7.5894152073985310E-018 ,  0.80602013860773658      , -0.80602013860773580     
  -1.9279987620515155E-002 ,  -3.2959746043559335E-017 ,  0.77266783403345207      , -0.77266783403345185     
  -1.5561597201497359E-002 ,  -2.6020852139652106E-017 ,  0.74075105057269575      , -0.74075105057269575     
  -1.1785104059219819E-002 ,   1.4853569763051411E-017 ,  0.71030112129495793      , -0.71030112129495859     
  -7.9764793429425752E-003 ,  -1.2793585635328952E-017 ,  0.68133301650839395      , -0.68133301650839384     
  -4.1617388285997581E-003 ,   3.8109706362865481E-017 ,  0.65384720865472079      , -0.65384720865472046     
  -3.6627955480072333E-004 ,   4.3097036356298801E-018 ,  0.62783106893754381      , -0.62783106893754337     
   3.3857128893158214E-003 ,  -3.9763114675905875E-017 ,  0.60325999048087042      , -0.60325999048087009     
   7.0717723065914350E-003 ,  -5.8492707205592964E-017 ,  0.58009840435175386      , -0.58009840435175408     
   1.0671566690773663E-002 ,  -5.0035930260206030E-017 ,  0.55830081812512511      , -0.55830081812512511     
   1.4167215592706455E-002 ,  -1.6263032587282567E-019 ,  0.53781295603002766      , -0.53781295603002732     
   1.7543508674204497E-002 ,  -1.3227266504323154E-017 ,  0.51857303523559817      , -0.51857303523559806     
   2.0788026509984205E-002 ,  -3.2526065174565133E-018 ,  0.50051317294889008      , -0.50051317294889042     
   2.3891166960808879E-002 ,   1.8214596497756474E-017 ,  0.48356089171262751      , -0.48356089171262723     
   2.6846082665871181E-002 ,  -6.0715321659188248E-018 ,  0.46764067299455914      , -0.46764067299455941     
   2.9648537251123493E-002 ,   3.7730235602495554E-017 ,  0.45267550294491704      , -0.45267550294491693     
   3.2296689555499088E-002 ,   5.4210108624275222E-018 ,  0.43858835552472436      , -0.43858835552472425     
   3.4790816383292858E-002 ,  -4.3368086899420177E-018 ,  0.42530356549252191      , -0.42530356549252202     
   3.7132984996788486E-002 ,   1.3444106938820255E-017 ,  0.41274805386822894      , -0.41274805386822905     
   3.9326686914071277E-002 ,   1.3877787807814457E-017 ,  0.40085237974932286      , -0.40085237974932264     
   4.1376444853285337E-002 ,  -1.0842021724855044E-017 ,  0.38955160287276441      , -0.38955160287276447     
   4.3287405173791663E-002 ,  -1.0842021724855044E-017 ,  0.37878595030460127      , -0.37878595030460138     
   4.5064929125634118E-002 ,  -3.4694469519536142E-017 ,  0.36850128759239331      , -0.36850128759239342     
   4.6714197637837185E-002 ,  -3.0357660829594124E-017 ,  0.35864939979040145      , -0.35864939979040150     
   4.8239845986467425E-002 ,   4.3368086899420177E-018 ,  0.34918809129122752      , -0.34918809129122769     
   4.9645645957132015E-002 ,  -4.1633363423443370E-017 ,  0.34008111592343360      , -0.34008111592343354     
   5.0934253362941058E-002 ,  -2.8622937353617317E-017 ,  0.33129795081910790      , -0.33129795081910790     
   5.2107037301966974E-002 ,  -6.0715321659188248E-018 ,  0.32281342961775572      , -0.32281342961775583     
   5.3164003832235338E-002 ,  -1.5612511283791264E-017 ,  0.31460725302089754      , -0.31460725302089754     
   5.4103820687357113E-002 ,   4.3368086899420177E-018 ,  0.30666339776515361      , -0.30666339776515350     
   5.4923941660963371E-002 ,   6.0715321659188248E-018 ,  0.29896944872754722      , -0.29896944872754722     
   5.5620820310400929E-002 ,  -1.6479873021779667E-017 ,  0.29151588283980112      , -0.29151588283980090     
   5.6190194026121291E-002 ,   8.6736173798840355E-019 ,  0.28429533722457123      , -0.28429533722457112     
   5.6627412743552180E-002 ,   3.2092384305570931E-017 ,  0.27730189674238481      , -0.27730189674238487     
   5.6927782863120328E-002 ,  -8.6736173798840355E-019 ,  0.27053043714580327      , -0.27053043714580338     
   5.7086897008395879E-002 ,  -1.7347234759768071E-018 ,  0.26397605853672940      , -0.26397605853672934     
   5.7100924167088618E-002 ,   1.6479873021779667E-017 ,  0.25763363929661681      , -0.25763363929661698     
   5.6966841952722370E-002 ,  -1.7347234759768071E-018 ,  0.25149753294996513      , -0.25149753294996519     
   5.6682602067951393E-002 ,  -3.0357660829594124E-017 ,  0.24556141983567181      , -0.24556141983567181     
   5.6247230030488087E-002 ,  -3.4694469519536142E-017 ,  0.23981831281530014      , -0.23981831281530019     
   5.5660869190503642E-002 ,   2.7755575615628914E-017 ,  0.23426070280323291      , -0.23426070280323277     
   5.4924785541828718E-002 ,   2.7755575615628914E-017 ,  0.22888081721471887      , -0.22888081721471906     
   5.4041352781591410E-002 ,   1.7347234759768071E-017 ,  0.22367095410423388      , -0.22367095410423354     
   5.3014036127881650E-002 ,  -2.0816681711721685E-017 ,  0.21862384820077649      , -0.21862384820077638     
   5.1847388886381254E-002 ,  -2.9490299091605721E-017 ,  0.21373302316924830      , -0.21373302316924819     
   5.0547068592564186E-002 ,  -2.0816681711721685E-017 ,  0.20899308755492382      , -0.20899308755492380     
   4.9119871081879957E-002 ,  -2.2551405187698492E-017 ,  0.20439993966954156      , -0.20439993966954154     
   4.7573772565748296E-002 ,   1.9081958235744878E-017 ,  0.19995085824452347      , -0.19995085824452347     
   4.5917963176255495E-002 ,   1.3877787807814457E-017 ,  0.19564446965642043      , -0.19564446965642052     
   4.4162851702084206E-002 ,   3.8163916471489756E-017 ,  0.19148059725424163      , -0.19148059725424157     
   4.2320021164895458E-002 ,  -5.2041704279304213E-018 ,  0.18746001194593853      , -0.18746001194593845     
   4.0402118690823927E-002 ,  -3.2959746043559335E-017 ,  0.18358411393167193      , -0.18358411393167196     
   3.8422670350104632E-002 ,  -6.9388939039072284E-018 ,  0.17985458184515485      , -0.17985458184515485     
   3.6395821159014706E-002 ,   3.9898639947466563E-017 ,  0.17627302680389087      , -0.17627302680389090     
   3.4336010709719103E-002 ,  -6.9388939039072284E-018 ,  0.17284068511277745      , -0.17284068511277739     
   3.2257604247259569E-002 ,  -8.6736173798840355E-018 ,  0.16955817563797057      , -0.16955817563797060     
   3.0174506005652170E-002 ,   2.4286128663675299E-017 ,  0.16642533777778606      , -0.16642533777778604     
   2.8099785270330274E-002 ,  -1.0408340855860843E-017 ,  0.16344115523634500      , -0.16344115523634498     
   2.6045345541483758E-002 ,   0.0000000000000000      ,  0.16060376091538456      , -0.16060376091538459     
   2.4021663473559961E-002 ,   2.9490299091605721E-017 ,  0.15791051019876598      , -0.15791051019876601     
   2.2037617578379999E-002 ,   2.9490299091605721E-017 ,  0.15535810433144068      , -0.15535810433144068     
   2.0100417985307137E-002 ,  -5.5511151231257827E-017 ,  0.15294274283250400      , -0.15294274283250392     
   1.8215639041841786E-002 ,  -8.6736173798840355E-018 ,  0.15066028404189621      , -0.15066028404189613     
   1.6387347410306605E-002 ,   2.2551405187698492E-017 ,  0.14850639577591501      , -0.14850639577591496     
   1.4618310575768248E-002 ,   6.9388939039072284E-018 ,  0.14647668301559796      , -0.14647668301559794     
   1.2910265000971123E-002 ,   0.0000000000000000      ,  0.14456678550296723      , -0.14456678550296720     
   1.1264219860412893E-002 ,   1.0408340855860843E-017 ,  0.14277244380378806      , -0.14277244380378806     
   9.6807713777296439E-003 ,  -1.0408340855860843E-017 ,  0.14108953672768906      , -0.14108953672768898     
   8.1604040961260685E-003 ,   1.3877787807814457E-017 ,  0.13951409541935339      , -0.13951409541935333     
   6.7037586028967366E-003 ,   3.4694469519536142E-018 ,  0.13804230002903922      , -0.13804230002903911     
   5.3118498379586959E-003 ,  -1.7347234759768071E-018 ,  0.13667046417789411      , -0.13667046417789414     
   3.9862255299338012E-003 ,   2.7755575615628914E-017 ,  0.13539501111476765      , -0.13539501111476757     
   2.7290598100038685E-003 ,  -5.0306980803327406E-017 ,  0.13421244399132426      , -0.13421244399132432     
   1.5431819640257527E-003 ,   8.6736173798840355E-018 ,  0.13311931125893714      , -0.13311931125893711     
   4.3204409350202505E-004 ,  -5.2041704279304213E-018 ,  0.13211216685457283      , -0.13211216685457289     
  -6.0036601989710975E-004 ,  -3.4694469519536142E-018 ,  0.13118752368463887      , -0.13118752368463885     
  -1.5496591501378068E-003 ,   5.2041704279304213E-018 ,  0.13034179819305933      , -0.13034179819305927     
  -2.4112175671635941E-003 ,   5.2041704279304213E-018 ,  0.12957124386969648      , -0.12957124386969651     
  -3.1803977897170987E-003 ,   3.4694469519536142E-017 ,  0.12887187266925523      , -0.12887187266925534     
  -3.8527535847442951E-003 ,  -6.9388939039072284E-018 ,  0.12823936542051856      , -0.12823936542051850     
  -4.4242686689679248E-003 ,  -2.9490299091605721E-017 ,  0.12766897502038593      , -0.12766897502038588     
  -4.8915874459964856E-003 ,  -1.2143064331837650E-017 ,  0.12715542893282106      , -0.12715542893282092     
  -5.2522312283571487E-003 ,  -5.2041704279304213E-018 ,  0.12669283970559350      , -0.12669283970559356     
  -5.5047872168238268E-003 ,   6.9388939039072284E-018 ,  0.12627463357369828      , -0.12627463357369831     
  -5.6490584445389874E-003 ,  -1.4745149545802860E-017 ,  0.12589350770989183      , -0.12589350770989180     
  -5.6861651598776666E-003 ,  -1.8214596497756474E-017 ,  0.12554142642356522      , -0.12554142642356531     
  -5.6185916829812818E-003 ,   3.3827107781547738E-017 ,  0.12520966564876954      , -0.12520966564876956     
  -5.4501773206821411E-003 ,  -1.5612511283791264E-017 ,  0.12488891326198508      , -0.12488891326198509     
  -5.1860549227381661E-003 ,   8.6736173798840355E-018 ,  0.12456942984328442      , -0.12456942984328452     
  -4.8325454051930325E-003 ,  -9.5409791178724390E-018 ,  0.12424127020152333      , -0.12424127020152344     
  -4.3970202899718015E-003 ,  -1.1275702593849246E-017 ,  0.12389456036905977      , -0.12389456036905981     
  -3.8877463208895381E-003 ,   1.0408340855860843E-017 ,  0.12351981829800299      , -0.12351981829800297     
  -3.3137260456093352E-003 ,   5.2041704279304213E-018 ,  0.12310830000227008      , -0.12310830000227010     
  -2.6845457972861364E-003 ,   9.5409791178724390E-018 ,  0.12265234740728573      , -0.12265234740728563     
  -2.0102381223390253E-003 ,  -1.9081958235744878E-017 ,  0.12214571063117199      , -0.12214571063117205     
  -1.3011601877041985E-003 ,   1.7347234759768071E-018 ,  0.12158381650711961      , -0.12158381650711950     
  -5.6788419443620439E-004 ,   3.4694469519536142E-018 ,  0.12096395722504810      , -0.12096395722504802     
   1.7890844984714063E-004 ,   1.6479873021779667E-017 ,  0.12028537809202172      , -0.12028537809202178     
   9.2853946378572416E-004 ,  -2.1684043449710089E-017 ,  0.11954925139638467      , -0.11954925139638468     
   1.6704620054937384E-003 ,   7.8062556418956319E-018 ,  0.11875853371079753      , -0.11875853371079756     
   2.3944109572697787E-003 ,   1.9081958235744878E-017 ,  0.11791771575988241      , -0.11791771575988236     
   3.0905757785012790E-003 ,  -6.9388939039072284E-018 ,  0.11703248578736576      , -0.11703248578736578     
   3.7497905015171171E-003 ,   5.2041704279304213E-018 ,  0.11610933735113746      , -0.11610933735113732     
   4.3637302401504235E-003 ,  -1.5612511283791264E-017 ,  0.11515515872551341      , -0.11515515872551338     
   4.9251003957181388E-003 ,   1.5612511283791264E-017 ,  0.11417684208726554      , -0.11417684208726553     
   5.4278042029725897E-003 ,   0.0000000000000000      ,  0.11318094583069592      , -0.11318094583069588     
   5.8670762467590773E-003 ,   1.3877787807814457E-017 ,  0.11217343339294220      , -0.11217343339294221     
   6.2395733354728960E-003 ,  -1.9081958235744878E-017 ,  0.11115949880476861      , -0.11115949880476869     
   6.5434185179339384E-003 ,   6.9388939039072284E-018 ,  0.11014347553821852      , -0.11014347553821854     
   6.7781979815562101E-003 ,  -3.4694469519536142E-018 ,  0.10912881389588393      , -0.10912881389588393     
   6.9449133425265311E-003 ,   6.0715321659188248E-018 ,  0.10811810528063563      , -0.10811810528063565     
   7.0458932413714655E-003 ,  -1.7347234759768071E-018 ,  0.10711313007673942      , -0.10711313007673946     
   7.0846684984691025E-003 ,   3.4694469519536142E-018 ,  0.10611490909021086      , -0.10611490909021085     
   7.0658149670494840E-003 ,   1.2143064331837650E-017 ,  0.10512374501252855      , -0.10512374501252846     
   6.9947682695165152E-003 ,  -8.6736173798840355E-019 ,  0.10413924818387793      , -0.10413924818387796     
   6.8776152274762515E-003 ,  -1.7347234759768071E-018 ,  0.10316034819045593      , -0.10316034819045600     
   6.7208680818374332E-003 ,   8.6736173798840355E-018 ,  0.10218529827803366      , -0.10218529827803360     
   6.5312293277416467E-003 ,   1.4745149545802860E-017 ,  0.10121168268660595      , -0.10121168268660599     
   6.3153567557944889E-003 ,  -1.9081958235744878E-017 ,  0.10023643790941142      , -0.10023643790941143     
   6.0796396579552063E-003 ,  -1.3010426069826053E-017 ,   9.9255897988778374E-002 ,  -9.9255897988778319E-002
   5.8299977722321939E-003 ,   6.0715321659188248E-018 ,   9.8265871791723455E-002 ,  -9.8265871791723497E-002
   5.5717141997980784E-003 ,   3.4694469519536142E-018 ,   9.7261757187269954E-002 ,  -9.7261757187269954E-002
   5.3093121694952469E-003 ,   1.2143064331837650E-017 ,   9.6238693496853489E-002 ,  -9.6238693496853434E-002
   5.0464831934246305E-003 ,  -8.6736173798840355E-019 ,   9.5191749760942607E-002 ,  -9.5191749760942662E-002
   4.7860709706877141E-003 ,   1.2143064331837650E-017 ,   9.4116142491264460E-002 ,  -9.4116142491264515E-002
   4.5301115341283126E-003 ,   1.4745149545802860E-017 ,   9.3007472905836552E-002 ,  -9.3007472905836511E-002
   4.2799258585541969E-003 ,  -8.6736173798840355E-018 ,   9.1861970457703279E-002 ,  -9.1861970457703210E-002
   4.0362568278199274E-003 ,  -1.2576745200831851E-017 ,   9.0676727097545595E-002 ,  -9.0676727097545567E-002
   3.7994385679787617E-003 ,   1.3010426069826053E-018 ,   8.9449905506436667E-002 ,  -8.9449905506436667E-002
   3.5695832193269935E-003 ,   3.0357660829594124E-018 ,   8.8180904793521975E-002 ,  -8.8180904793522016E-002
   3.3467687045336987E-003 ,   8.6736173798840355E-019 ,   8.6870469004432238E-002 ,  -8.6870469004432266E-002
   3.1312112247343388E-003 ,  -3.9031278209478160E-018 ,   8.5520727119378220E-002 ,  -8.5520727119378206E-002
   2.9234080688825114E-003 ,  -2.1684043449710089E-018 ,   8.4135157689627246E-002 ,  -8.4135157689627232E-002
   2.7242395491665298E-003 ,   3.9031278209478160E-018 ,   8.2718476385431589E-002 ,  -8.2718476385431575E-002
   2.5350229591889328E-003 ,   6.9388939039072284E-018 ,   8.1276450025799959E-002 ,  -8.1276450025799987E-002
   2.3575157998939455E-003 ,  -4.3368086899420177E-019 ,   7.9815645738626484E-002 ,  -7.9815645738626498E-002
   2.1938696093497818E-003 ,   7.5894152073985310E-019 ,   7.8343128475883247E-002 ,  -7.8343128475883261E-002
   2.0465392172363921E-003 ,  -1.6479873021779667E-017 ,   7.6866123972724326E-002 ,  -7.6866123972724326E-002
   1.9181549783758873E-003 ,  -2.2226144535952841E-018 ,   7.5391667189839875E-002 ,  -7.5391667189839848E-002
   1.8113675405329495E-003 ,   1.1926223897340549E-018 ,   7.3926258088287650E-002 ,  -7.3926258088287650E-002
   1.7286760644345204E-003 ,  -4.6349642873755315E-018 ,   7.2475546995037443E-002 ,  -7.2475546995037471E-002
   1.6722516145304435E-003 ,  -1.1709383462843448E-017 ,   7.1044070584213817E-002 ,  -7.1044070584213789E-002
   1.6437676777589106E-003 ,   1.2143064331837650E-017 ,   6.9635056500466613E-002 ,  -6.9635056500466613E-002
   1.6442493709807882E-003 ,   6.9388939039072284E-018 ,   6.8250309993309041E-002 ,  -6.8250309993309000E-002
   1.6739517705483091E-003 ,  -1.5937771935536915E-017 ,   6.6890190016015511E-002 ,  -6.6890190016015552E-002
   1.7322758939372646E-003 ,  -1.1709383462843448E-017 ,   6.5553675727636096E-002 ,  -6.5553675727636110E-002
   1.8177282427828557E-003 ,   9.5409791178724390E-018 ,   6.4238517997777689E-002 ,  -6.4238517997777675E-002
   1.9279266625978481E-003 ,  -5.4210108624275222E-018 ,   6.2941465057836987E-002 ,  -6.2941465057837001E-002
   2.0596518751012129E-003 ,   1.3660947373317356E-017 ,   6.1658547341695361E-002 ,  -6.1658547341695354E-002
   2.2089407382826810E-003 ,   5.4210108624275222E-018 ,   6.0385403974697147E-002 ,  -6.0385403974697195E-002
   2.3712144249293070E-003 ,   1.1926223897340549E-017 ,   5.9117632179453573E-002 ,  -5.9117632179453580E-002
   2.5414325586221795E-003 ,   9.5409791178724390E-018 ,   5.7851140772106791E-002 ,  -5.7851140772106749E-002
   2.7142630836613710E-003 ,  -1.0625181290357943E-017 ,   5.6582489604001349E-002 ,  -5.6582489604001349E-002
   2.8842573335992518E-003 ,   0.0000000000000000      ,   5.5309198045090990E-002 ,  -5.5309198045091032E-002
   3.0460203518386346E-003 ,   9.1072982488782372E-018 ,   5.4030007350286395E-002 ,  -5.4030007350286353E-002
   3.1943678608420869E-003 ,  -1.8648277366750676E-017 ,   5.2745084080290869E-002 ,  -5.2745084080290862E-002
   3.3244631577032148E-003 ,  -6.0715321659188248E-018 ,   5.1456154797274577E-002 ,  -5.1456154797274584E-002
   3.4319293809589764E-003 ,   8.2399365108898337E-018 ,   5.0166566102581051E-002 ,  -5.0166566102581051E-002
   3.5129347961172543E-003 ,   1.4311468676808659E-017 ,   4.8881268649345416E-002 ,  -4.8881268649345423E-002
   3.5642507691371859E-003 ,  -1.9515639104739080E-017 ,   4.7606728740349775E-002 ,  -4.7606728740349775E-002
   3.5832837758716912E-003 ,   2.6020852139652106E-018 ,   4.6350775971905511E-002 ,  -4.6350775971905532E-002
   3.5680840304336287E-003 ,   2.7321894746634712E-017 ,   4.5122399422123718E-002 ,  -4.5122399422123718E-002
   3.5173340658012277E-003 ,  -2.0383000842727483E-017 ,   4.3931507461856451E-002 ,  -4.3931507461856457E-002
   3.4303208807368174E-003 ,   6.0715321659188248E-018 ,   4.2788667011401459E-002 ,  -4.2788667011401472E-002
   3.3068951434300272E-003 ,   1.3010426069826053E-018 ,   4.1704837025686309E-002 ,  -4.1704837025686281E-002
   3.1474205195719390E-003 ,   6.0715321659188248E-018 ,   4.0691108647931795E-002 ,  -4.0691108647931795E-002
   2.9527156016563548E-003 ,   3.9031278209478160E-018 ,   3.9758461567429994E-002 ,  -3.9758461567429980E-002
   2.7239902947617991E-003 ,  -6.9388939039072284E-018 ,   3.8917543375645840E-002 ,  -3.8917543375645854E-002
   2.4627779865567297E-003 ,   3.4694469519536142E-018 ,   3.8178476610806859E-002 ,  -3.8178476610806845E-002
   2.1708644908935027E-003 ,  -1.1275702593849246E-017 ,   3.7550696831955034E-002 ,  -3.7550696831955048E-002
   1.8502146594898024E-003 ,  -3.4694469519536142E-018 ,   3.7042824268250014E-002 ,  -3.7042824268249966E-002
   1.5028977168727361E-003 ,  -3.4694469519536142E-018 ,   3.6662570926879905E-002 ,  -3.6662570926879884E-002
   1.1310127686646257E-003 ,  -5.6378512969246231E-018 ,   3.6416683941807575E-002 ,  -3.6416683941807582E-002
   7.3661652343441804E-004 ,   1.8214596497756474E-017 ,   3.6310923703951829E-002 ,  -3.6310923703951906E-002
   3.2165601073854723E-004 ,   2.1250362580715887E-017 ,   3.6350071132537708E-002 ,  -3.6350071132537687E-002
  -1.1209007090865440E-004 ,  -1.6046192152785466E-017 ,   3.6537951605618416E-002 ,  -3.6537951605618450E-002
  -5.6305683538310052E-004 ,  -2.6888213877640510E-017 ,   3.6877453345724322E-002 ,  -3.6877453345724336E-002
  -1.0299200966031423E-003 ,   8.6736173798840355E-019 ,   3.7370506415627613E-002 ,  -3.7370506415627593E-002
  -1.5115985209508886E-003 ,  -8.2399365108898337E-018 ,   3.8017977810779792E-002 ,  -3.8017977810779785E-002
  -2.0072245979430997E-003 ,  -2.4286128663675299E-017 ,   3.8819433672964185E-002 ,  -3.8819433672964192E-002
  -2.5160785222575321E-003 ,   6.9388939039072284E-018 ,   3.9772728414043050E-002 ,  -3.9772728414043078E-002
  -3.0374811147353522E-003 ,   7.8062556418956319E-018 ,   4.0873409210384751E-002 ,  -4.0873409210384758E-002
  -3.5706462003982321E-003 ,   2.1250362580715887E-017 ,   4.2113975442622242E-002 ,  -4.2113975442622201E-002
  -4.1144999055082116E-003 ,   3.4694469519536142E-018 ,   4.3483100136449099E-002 ,  -4.3483100136449064E-002
  -4.6674837407308543E-003 ,   1.3877787807814457E-017 ,   4.4964986928738980E-002 ,  -4.4964986928738973E-002
  -5.2273682255010636E-003 ,   1.5612511283791264E-017 ,   4.6539075033769264E-002 ,  -4.6539075033769285E-002
  -5.7911107814761220E-003 ,   1.4311468676808659E-017 ,   4.8180289278606479E-002 ,  -4.8180289278606458E-002
  -6.3547917466032508E-003 ,  -3.0357660829594124E-018 ,   4.9859948776950706E-002 ,  -4.9859948776950692E-002
  -6.9136530680670803E-003 ,   9.1072982488782372E-018 ,   5.1547307286586380E-002 ,  -5.1547307286586366E-002
  -7.4622462211251395E-003 ,  -1.9081958235744878E-017 ,   5.3211538591682830E-002 ,  -5.3211538591682879E-002
  -7.9946737067405696E-003 ,   1.6913553890773869E-017 ,   5.4823854023295066E-002 ,  -5.4823854023295093E-002
  -8.5048889488242366E-003 ,  -1.9515639104739080E-017 ,   5.6359391983444855E-002 ,  -5.6359391983444841E-002
  -8.9870086821718601E-003 ,   1.6913553890773869E-017 ,   5.7798568640290246E-002 ,  -5.7798568640290274E-002
  -9.4355926963432916E-003 ,  -1.1709383462843448E-017 ,   5.9127706553004492E-002 ,  -5.9127706553004540E-002
  -9.8458565570629687E-003 ,  -1.7780915628762273E-017 ,   6.0338919111518459E-002 ,  -6.0338919111518438E-002
  -1.0213799374840720E-002 ,   3.0357660829594124E-018 ,   6.1429372786166232E-002 ,  -6.1429372786166253E-002
  -1.0536246206736072E-002 ,   5.2041704279304213E-018 ,   6.2400140204367009E-002 ,  -6.2400140204367023E-002
  -1.0810820008975045E-002 ,  -7.3725747729014302E-018 ,   6.3254883526967370E-002 ,  -6.3254883526967356E-002
  -1.1035869473647004E-002 ,   8.6736173798840355E-018 ,   6.3998580173168867E-002 ,  -6.3998580173168854E-002
  -1.1210385481068385E-002 ,  -8.6736173798840355E-018 ,   6.4636444134881385E-002 ,  -6.4636444134881357E-002
  -1.1333939068233070E-002 ,  -3.4694469519536142E-018 ,   6.5173128975272485E-002 ,  -6.5173128975272526E-002
  -1.1406666645787352E-002 ,   1.2576745200831851E-017 ,   6.5612239553816704E-002 ,  -6.5612239553816731E-002
  -1.1429313738488441E-002 ,   2.7321894746634712E-017 ,   6.5956136440971980E-002 ,  -6.5956136440971966E-002
  -1.1403329023176371E-002 ,   7.8062556418956319E-018 ,   6.6205990848932250E-002 ,  -6.6205990848932250E-002
  -1.1330980489740379E-002 ,  -3.0357660829594124E-018 ,   6.6362035621290477E-002 ,  -6.6362035621290422E-002
  -1.1215451001120740E-002 ,  -2.0816681711721685E-017 ,   6.6423954737454105E-002 ,  -6.6423954737454161E-002
  -1.1060866487497628E-002 ,   8.2399365108898337E-018 ,   6.6391355340245026E-002 ,  -6.6391355340245012E-002
  -1.0872218839603234E-002 ,   4.7704895589362195E-018 ,   6.6264269061489203E-002 ,  -6.6264269061489217E-002
  -1.0655165776051061E-002 ,  -6.0715321659188248E-018 ,   6.6043631714058929E-002 ,  -6.6043631714058901E-002
  -1.0415716535576939E-002 ,  -2.2551405187698492E-017 ,   6.5731692465227226E-002 ,  -6.5731692465227240E-002
  -1.0159838289707606E-002 ,   9.5409791178724390E-018 ,   6.5332307147860841E-002 ,  -6.5332307147860841E-002
  -9.8930371549153344E-003 ,   8.6736173798840355E-019 ,   6.4851077700479570E-002 ,  -6.4851077700479584E-002
  -9.6199753915145632E-003 ,  -1.5612511283791264E-017 ,   6.4295312479937777E-002 ,  -6.4295312479937791E-002
  -9.3441818669185942E-003 ,  -2.6020852139652106E-018 ,   6.3673800321089144E-002 ,  -6.3673800321089116E-002
  -9.0678982411000128E-003 ,   2.4286128663675299E-017 ,   6.2996412706432262E-002 ,  -6.2996412706432248E-002
  -8.7920826619838303E-003 ,   1.7347234759768071E-017 ,   6.2273569741606701E-002 ,  -6.2273569741606707E-002
  -8.5165706325327217E-003 ,  -1.7347234759768071E-017 ,   6.1515622860529445E-002 ,  -6.1515622860529508E-002
  -8.2403730458506814E-003 ,   4.3368086899420177E-018 ,   6.0732217102220376E-002 ,  -6.0732217102220397E-002
  -7.9620767154042482E-003 ,  -5.2041704279304213E-018 ,   5.9931696843999710E-002 ,  -5.9931696843999682E-002
  -7.6803040674239135E-003 ,  -8.6736173798840355E-019 ,   5.9120611508202345E-002 ,  -5.9120611508202345E-002
  -7.3941857829319590E-003 ,   1.7347234759768071E-018 ,   5.8303364323737832E-002 ,  -5.8303364323737866E-002
  -7.1038020883870722E-003 ,  -8.6736173798840355E-018 ,   5.7482031324965349E-002 ,  -5.7482031324965314E-002
  -6.8105538067337575E-003 ,  -1.5612511283791264E-017 ,   5.6656363331345640E-002 ,  -5.6656363331345640E-002
  -6.5174318846865824E-003 ,   6.9388939039072284E-018 ,   5.5823973760528042E-002 ,  -5.5823973760527994E-002
  -6.2291626284480036E-003 ,   0.0000000000000000      ,   5.4980710833827301E-002 ,  -5.4980710833827329E-002
  -5.9522139671012398E-003 ,   2.6020852139652106E-018 ,   5.4121212033773972E-002 ,  -5.4121212033773930E-002
  -5.6946542989948284E-003 ,   0.0000000000000000      ,   5.3239636243258073E-002 ,  -5.3239636243258136E-002
  -5.4658587033009597E-003 ,  -1.4745149545802860E-017 ,   5.2330557369801738E-002 ,  -5.2330557369801779E-002
  -5.2760574887742691E-003 ,  -8.6736173798840355E-018 ,   5.1389975930793058E-002 ,  -5.1389975930793065E-002
  -5.1357214716088034E-003 ,  -1.0408340855860843E-017 ,   5.0416361041281839E-002 ,  -5.0416361041281867E-002
  -5.0547822549956833E-003 ,   7.8062556418956319E-018 ,   4.9411583063777666E-002 ,  -4.9411583063777638E-002
  -5.0417013403467733E-003 ,  -1.6479873021779667E-017 ,   4.8381555682759557E-002 ,  -4.8381555682759585E-002
  -5.1024349392911911E-003 ,   1.5612511283791264E-017 ,   4.7336399495584346E-002 ,  -4.7336399495584311E-002
  -5.2393911021774309E-003 ,  -6.9388939039072284E-018 ,   4.6289986480122003E-002 ,  -4.6289986480122017E-002
  -5.4505305367906348E-003 ,  -1.3877787807814457E-017 ,   4.5258828337551703E-002 ,  -4.5258828337551696E-002
  -5.7287998571331827E-003 ,  -6.0715321659188248E-018 ,   4.4260411036941026E-002 ,  -4.4260411036941012E-002
  -6.0620801305904925E-003 ,   1.6479873021779667E-017 ,   4.3311213285583773E-002 ,  -4.3311213285583773E-002
  -6.4337680613016836E-003 ,   1.9081958235744878E-017 ,   4.2424734324513255E-002 ,  -4.2424734324513269E-002
  -6.8239872843394210E-003 ,   4.3368086899420177E-018 ,   4.1609867176655227E-002 ,  -4.1609867176655234E-002
  -7.2112838437504321E-003 ,   1.7347234759768071E-017 ,   4.0869885282526983E-002 ,  -4.0869885282526990E-002
  -7.5745397669114952E-003 ,  -8.6736173798840355E-018 ,   4.0202188177242131E-002 ,  -4.0202188177242172E-002
  -7.8947848774919976E-003 ,  -3.4694469519536142E-018 ,   3.9598814175256847E-002 ,  -3.9598814175256819E-002
  -8.1566193841614218E-003 ,  -1.2143064331837650E-017 ,   3.9047609978117202E-002 ,  -3.9047609978117244E-002
  -8.3490657716264356E-003 ,  -5.2041704279304213E-018 ,   3.8533867905310444E-002 ,  -3.8533867905310451E-002
  -8.4658096875441340E-003 ,   5.2041704279304213E-018 ,   3.8042202809080931E-002 ,  -3.8042202809080924E-002
  -8.5049192567289780E-003 ,  -1.0408340855860843E-017 ,   3.7558434015989441E-002 ,  -3.7558434015989475E-002
  -8.4682147149637982E-003 ,   0.0000000000000000      ,   3.7071253002212680E-002 ,  -3.7071253002212680E-002
  -8.3604816916978339E-003 ,  -2.7755575615628914E-017 ,   3.6573489322762914E-002 ,  -3.6573489322762887E-002
  -8.1886906327589444E-003 ,   1.5612511283791264E-017 ,   3.6062833983521010E-002 ,  -3.6062833983521038E-002
  -7.9613248409090911E-003 ,  -1.5612511283791264E-017 ,   3.5541940077675825E-002 ,  -3.5541940077675811E-002
  -7.6878565005067201E-003 ,   1.7347234759768071E-017 ,   3.5017891964234965E-002 ,  -3.5017891964234965E-002
  -7.3783633618618788E-003 ,  -1.3877787807814457E-017 ,   3.4501110462350534E-002 ,  -3.4501110462350541E-002
  -7.0432567146236271E-003 ,   8.6736173798840355E-018 ,   3.4003834459172780E-002 ,  -3.4003834459172759E-002
  -6.6930912206563864E-003 ,  -1.7347234759768071E-018 ,   3.3538380156558301E-002 ,  -3.3538380156558321E-002
  -6.3384395009416662E-003 ,   1.2143064331837650E-017 ,   3.3115418701869397E-002 ,  -3.3115418701869369E-002
  -5.9898276476444308E-003 ,   1.7347234759768071E-018 ,   3.2742522007330188E-002 ,  -3.2742522007330181E-002
  -5.6577332736659882E-003 ,   8.6736173798840355E-018 ,   3.2423197841263206E-002 ,  -3.2423197841263213E-002
  -5.3526419730269455E-003 ,  -2.0816681711721685E-017 ,   3.2156566692154560E-002 ,  -3.2156566692154553E-002
  -5.0851438574068611E-003 ,   1.9081958235744878E-017 ,   3.1937731148325321E-002 ,  -3.1937731148325349E-002
  -4.8660361955386467E-003 ,   1.7347234759768071E-017 ,   3.1758770207331970E-002 ,  -3.1758770207331977E-002
  -4.7063889931272598E-003 ,  -5.2041704279304213E-018 ,   3.1610179673234366E-002 ,  -3.1610179673234380E-002
  -4.6175325923523891E-003 ,   6.9388939039072284E-018 ,   3.1482499928915372E-002 ,  -3.1482499928915358E-002
  -4.6109398946448483E-003 ,  -8.6736173798840355E-018 ,   3.1367841557284101E-002 ,  -3.1367841557284101E-002
  -4.6979956016189811E-003 ,  -1.0408340855860843E-017 ,   3.1261043406812329E-002 ,  -3.1261043406812322E-002
  -4.8896634529028392E-003 ,  -3.4694469519536142E-018 ,   3.1160269799980447E-002 ,  -3.1160269799980433E-002
  -5.1960731988443106E-003 ,  -1.7347234759768071E-018 ,   3.1066956989117850E-002 ,  -3.1066956989117885E-002
  -5.6260490411646387E-003 ,  -8.6736173798840355E-018 ,   3.0985132887336710E-002 ,  -3.0985132887336696E-002
  -6.1865925805135473E-003 ,  -6.9388939039072284E-018 ,   3.0920239329144495E-002 ,  -3.0920239329144485E-002
  -6.8823224574557753E-003 ,   1.7347234759768071E-018 ,   3.0877668562225062E-002 ,  -3.0877668562225076E-002
  -7.7148685537561405E-003 ,  -1.7347234759768071E-017 ,   3.0861276804324905E-002 ,  -3.0861276804324891E-002
  -8.6822282864601995E-003 ,  -3.4694469519536142E-018 ,   3.0872152480815519E-002 ,  -3.0872152480815530E-002
  -9.7781188547856820E-003 ,   3.4694469519536142E-018 ,   3.0907891291967818E-002 ,  -3.0907891291967835E-002
  -1.0991397666290946E-002 ,  -1.2143064331837650E-017 ,   3.0962561661763741E-002 ,  -3.0962561661763723E-002
  -1.2305661347357527E-002 ,  -3.4694469519536142E-018 ,   3.1027433849937679E-002 ,  -3.1027433849937683E-002
  -1.3699154749908196E-002 ,  -8.6736173798840355E-018 ,   3.1092405179921748E-002 ,  -3.1092405179921737E-002
  -1.5145109429264858E-002 ,  -1.7347234759768071E-017 ,   3.1147906630960190E-002 ,  -3.1147906630960197E-002
  -1.6612579004245689E-002 ,  -5.2041704279304213E-018 ,   3.1186957073787963E-002 ,  -3.1186957073787956E-002
  -1.8067753493187053E-002 ,  -5.2041704279304213E-018 ,   3.1206975794778734E-002 ,  -3.1206975794778744E-002
  -1.9475637161348560E-002 ,   0.0000000000000000      ,   3.1210993483424231E-002 ,  -3.1210993483424244E-002
  -2.0801893140664898E-002 ,   0.0000000000000000      ,   3.1208014436448987E-002 ,  -3.1208014436448977E-002
  -2.2014618138362318E-002 ,   2.4286128663675299E-017 ,   3.1212450954653959E-002 ,  -3.1212450954653994E-002
  -2.3085823448544797E-002 ,  -1.3877787807814457E-017 ,   3.1242731499600766E-002 ,  -3.1242731499600811E-002
  -2.3992458316348289E-002 ,   8.6736173798840355E-018 ,   3.1319333498857099E-002 ,  -3.1319333498857099E-002
  -2.4716899219652061E-002 ,   0.0000000000000000      ,   3.1462579381474599E-002 ,  -3.1462579381474606E-002
  -2.5246920262173952E-002 ,   1.2143064331837650E-017 ,   3.1690549195749179E-002 ,  -3.1690549195749207E-002
  -2.5575236214657685E-002 ,   1.7347234759768071E-018 ,   3.2017410728599864E-002 ,  -3.2017410728599864E-002
  -2.5698759455271124E-002 ,  -4.5102810375396984E-017 ,   3.2452366311045339E-002 ,  -3.2452366311045346E-002
  -2.5617731456976541E-002 ,  -1.0408340855860843E-017 ,   3.2999291104532716E-002 ,  -3.2999291104532709E-002
  -2.5334881154038910E-002 ,   0.0000000000000000      ,   3.3657022040701819E-002 ,  -3.3657022040701798E-002
  -2.4854734994616458E-002 ,  -8.6736173798840355E-018 ,   3.4420176211610962E-002 ,  -3.4420176211610962E-002
  -2.4183169300896586E-002 ,  -1.9081958235744878E-017 ,   3.5280340015865268E-002 ,  -3.5280340015865247E-002
  -2.3327264573646877E-002 ,   5.2041704279304213E-018 ,   3.6227459330718227E-002 ,  -3.6227459330718234E-002
  -2.2295491969529780E-002 ,   1.7347234759768071E-018 ,   3.7251250900217810E-002 ,  -3.7251250900217796E-002
  -2.1098220515937634E-002 ,   3.5561831257524545E-017 ,   3.8342437707350630E-002 ,  -3.8342437707350657E-002
  -1.9748467183641476E-002 ,   1.4745149545802860E-017 ,   3.9493605720496448E-002 ,  -3.9493605720496386E-002
  -1.8262727288193344E-002 ,  -3.2092384305570931E-017 ,   4.0699513758774022E-002 ,  -4.0699513758773995E-002
  -1.6661648574858585E-002 ,   6.9388939039072284E-018 ,   4.1956770576167257E-002 ,  -4.1956770576167271E-002
  -1.4970283374195426E-002 ,  -1.3010426069826053E-017 ,   4.3262909010353227E-002 ,  -4.3262909010353234E-002
  -1.3217692018733506E-002 ,  -1.4745149545802860E-017 ,   4.4615017689703843E-002 ,  -4.4615017689703870E-002
  -1.1435784152372728E-002 ,  -9.5409791178724390E-018 ,   4.6008221062929705E-002 ,  -4.6008221062929712E-002
  -9.6574646610583029E-003 ,   1.7347234759768071E-018 ,   4.7434398770705349E-002 ,  -4.7434398770705363E-002
  -7.9143638393239218E-003 ,   8.6736173798840355E-019 ,   4.8881552585842342E-002 ,  -4.8881552585842356E-002
  -6.2346055369972772E-003 ,   3.4694469519536142E-018 ,   5.0334115814502527E-002 ,  -5.0334115814502547E-002
  -4.6411121880455992E-003 ,   1.2143064331837650E-017 ,   5.1774257925807893E-002 ,  -5.1774257925807921E-002
  -3.1508074084713178E-003 ,   3.4694469519536142E-018 ,   5.3183930148602399E-002 ,  -5.3183930148602412E-002
  -1.7747860909169406E-003 ,  -2.6020852139652106E-018 ,   5.4547126234073942E-002 ,  -5.4547126234073935E-002
  -5.1919354475533138E-004 ,  -1.9081958235744878E-017 ,   5.5851697153552184E-002 ,  -5.5851697153552197E-002
   6.1366762818175708E-004 ,  -1.2143064331837650E-017 ,   5.7090129220963043E-002 ,  -5.7090129220963001E-002
   1.6245043314639599E-003 ,   1.7347234759768071E-018 ,   5.8258982008510631E-002 ,  -5.8258982008510631E-002
   2.5167897416443191E-003 ,   1.7347234759768071E-018 ,   5.9357114919479419E-002 ,  -5.9357114919479440E-002
   3.2971277663084737E-003 ,   5.2041704279304213E-018 ,   6.0383270091522709E-002 ,  -6.0383270091522688E-002
   3.9759685191452943E-003 ,   8.6736173798840355E-019 ,   6.1333867354997164E-002 ,  -6.1333867354997129E-002
   4.5682802833511994E-003 ,   2.6020852139652106E-018 ,   6.2201895623821286E-002 ,  -6.2201895623821335E-002
   5.0938134579570239E-003 ,  -8.6736173798840355E-019 ,   6.2977540548697294E-002 ,  -6.2977540548697239E-002
   5.5767326459240860E-003 ,  -8.6736173798840355E-019 ,   6.3650752323976836E-002 ,  -6.3650752323976850E-002
   6.0445444029965378E-003 ,  -1.9081958235744878E-017 ,   6.4215456392343773E-002 ,  -6.4215456392343717E-002
   6.5263355423841127E-003 ,  -5.2041704279304213E-018 ,   6.4674638687495220E-002 ,  -6.4674638687495206E-002
   7.0503514588572246E-003 ,  -7.8062556418956319E-018 ,   6.5045124630428441E-002 ,  -6.5045124630428386E-002
   7.6409308551879818E-003 ,   7.8062556418956319E-018 ,   6.5360536155174662E-002 ,  -6.5360536155174648E-002
   8.3148345603263514E-003 ,  -8.6736173798840355E-019 ,   6.5670780587937599E-002 ,  -6.5670780587937586E-002
   9.0771243488715105E-003 ,  -4.3368086899420177E-018 ,   6.6036780306136675E-002 ,  -6.6036780306136703E-002
   9.9170234400828214E-003 ,   3.4694469519536142E-018 ,   6.6520264982041485E-002 ,  -6.6520264982041458E-002
   1.0804633206845819E-002 ,   1.9949319973733282E-017 ,   6.7170244084855557E-002 ,  -6.7170244084855557E-002
   1.1689848617405529E-002 ,  -1.7347234759768071E-018 ,   6.8009600681818577E-002 ,  -6.8009600681818563E-002
   1.2504985989356558E-002 ,   3.4694469519536142E-018 ,   6.9026066305879610E-002 ,  -6.9026066305879652E-002
   1.3172169283670040E-002 ,   5.2041704279304213E-018 ,   7.0170899433001491E-002 ,  -7.0170899433001477E-002
   1.3615319828843946E-002 ,  -3.4694469519536142E-018 ,   7.1366080017615421E-002 ,  -7.1366080017615421E-002
   1.3774944704181093E-002 ,   1.7347234759768071E-018 ,   7.2517921731770491E-002 ,  -7.2517921731770477E-002
   1.3622391620668261E-002 ,   1.4745149545802860E-017 ,   7.3533141589634241E-002 ,  -7.3533141589634268E-002
   1.3169491904253502E-002 ,   1.7347234759768071E-018 ,   7.4333356589966842E-002 ,  -7.4333356589966856E-002
   1.2470109633360250E-002 ,   1.8214596497756474E-017 ,   7.4865276730356589E-002 ,  -7.4865276730356603E-002
   1.1612249710718055E-002 ,  -8.6736173798840355E-019 ,   7.5105422622386786E-002 ,  -7.5105422622386731E-002
   1.0702507189202437E-002 ,   8.6736173798840355E-019 ,   7.5059205163819587E-002 ,  -7.5059205163819559E-002
   9.8473969167262049E-003 ,   3.0357660829594124E-018 ,   7.4754719761337296E-002 ,  -7.4754719761337171E-002
   9.1369592569243499E-003 ,   0.0000000000000000      ,   7.4232172748323610E-002 ,  -7.4232172748323638E-002
   8.6344451521748050E-003 ,  -2.6020852139652106E-018 ,   7.3530703821420393E-002 ,  -7.3530703821420421E-002
   8.3728391015642067E-003 ,   8.6736173798840355E-019 ,   7.2675117726540561E-002 ,  -7.2675117726540575E-002
   8.3563330813141434E-003 ,  -1.5178830414797062E-017 ,   7.1665175591815011E-002 ,  -7.1665175591814997E-002
   8.5639341252478768E-003 ,  -1.6479873021779667E-017 ,   7.0469602025508324E-002 ,  -7.0469602025508393E-002
   8.9531342754614884E-003 ,  -6.9388939039072284E-018 ,   6.9026396673627796E-002 ,  -6.9026396673627824E-002
   9.4629951712936946E-003 ,  -5.2041704279304213E-018 ,   6.7250848175608127E-002 ,  -6.7250848175608113E-002
   1.0017185074037305E-002 ,   1.3010426069826053E-018 ,   6.5052252297211566E-002 ,  -6.5052252297211566E-002
   1.0528204838377037E-002 ,   5.6378512969246231E-018 ,   6.2358213774681689E-002 ,  -6.2358213774681710E-002
   1.0904313015292892E-002 ,  -3.0357660829594124E-018 ,   5.9140986724117259E-002 ,  -5.9140986724117259E-002
   1.1060224450826054E-002 ,   5.4210108624275222E-018 ,   5.5435988751280474E-002 ,  -5.5435988751280474E-002
   1.0930978322029066E-002 ,  -5.6378512969246231E-018 ,   5.1342823138180282E-002 ,  -5.1342823138180282E-002
   1.0485704891805855E-002 ,  -1.9515639104739080E-018 ,   4.7005986762192288E-002 ,  -4.7005986762192267E-002
   9.7361163991354291E-003 ,  -1.0842021724855044E-018 ,   4.2582545491505766E-002 ,  -4.2582545491505801E-002
   8.7355195346177569E-003 ,   0.0000000000000000      ,   3.8210572799129205E-002 ,  -3.8210572799129212E-002
   7.5680854962994482E-003 ,  -1.3010426069826053E-018 ,   3.3990530814839270E-002 ,  -3.3990530814839263E-002
   6.3323597868805044E-003 ,  -1.3010426069826053E-018 ,   2.9983604535382812E-002 ,  -2.9983604535382801E-002
   5.1245482595828678E-003 ,   1.4094628242311558E-018 ,   2.6222264690524015E-002 ,  -2.6222264690524025E-002
   4.0255326892484214E-003 ,   0.0000000000000000      ,   2.2724275052083118E-002 ,  -2.2724275052083090E-002
   3.0929119344429677E-003 ,  -4.3368086899420177E-019 ,   1.9502917790141645E-002 ,  -1.9502917790141659E-002
   2.3576988058731235E-003 ,   8.6736173798840355E-019 ,   1.6570675021788960E-002 ,  -1.6570675021788966E-002
   1.8249548021796252E-003 ,  -8.6736173798840355E-019 ,   1.3937650220458760E-002 ,  -1.3937650220458769E-002
   1.4777189204459487E-003 ,  -7.0473141211557788E-019 ,   1.1607895559890393E-002 ,  -1.1607895559890391E-002
   1.2833703137124456E-003 ,  -2.7105054312137611E-019 ,   9.5765645340460392E-003 ,  -9.5765645340460392E-003
   1.2011292702727001E-003 ,   4.8789097761847700E-019 ,   7.8293881809666319E-003 ,  -7.8293881809666337E-003
   1.1892029004328189E-003 ,   2.1684043449710089E-019 ,   6.3444339854273075E-003 ,  -6.3444339854273057E-003
   1.2103667690516429E-003 ,   5.4210108624275222E-020 ,   5.0951467323349341E-003 ,  -5.0951467323349349E-003
   1.2353949257902590E-003 ,  -1.3552527156068805E-019 ,   4.0534785178917851E-003 ,  -4.0534785178917851E-003
   1.2443817371875316E-003 ,  -1.6263032587282567E-019 ,   3.1922726115589666E-003 ,  -3.1922726115589653E-003
   1.2264050172671281E-003 ,   1.4907779871675686E-019 ,   2.4866035334969341E-003 ,  -2.4866035334969350E-003
   1.1781186506438863E-003 ,   5.4210108624275222E-020 ,   1.9142055631743799E-003 ,  -1.9142055631743812E-003
   1.1018185862797249E-003 ,   8.1315162936412833E-020 ,   1.4553293381372281E-003 ,  -1.4553293381372318E-003
   1.0034040585643017E-003 ,   5.4210108624275222E-020 ,   1.0923757565769155E-003 ,  -1.0923757565769157E-003
   8.9052363870336922E-004 ,   1.3552527156068805E-020 ,   8.0955293069003486E-004 ,  -8.0955293069003389E-004
   7.7107917802144159E-004 ,   0.0000000000000000      ,   5.9266916095384236E-004 ,  -5.9266916095384410E-004
   6.5216414884917420E-004 ,  -6.0986372202309624E-020 ,   4.2906737299458161E-004 ,  -4.2906737299458248E-004
   5.3943598565442440E-004 ,  -4.7433845046240819E-020 ,   3.0764614078109535E-004 ,  -3.0764614078109562E-004
   4.3686609099339332E-004 ,  -8.4703294725430034E-021 ,   2.1889710494776100E-004 ,  -2.1889710494776165E-004
   3.4677800418267163E-004 ,  -3.5575383784680614E-020 ,   1.5490349322010445E-004 ,  -1.5490349322010426E-004
   2.7007329685016366E-004 ,  -5.0821976835258020E-021 ,   1.0927216170978905E-004 ,  -1.0927216170978824E-004
   2.0655203093929066E-004 ,  -2.3716922523120409E-020 ,   7.6998383604223971E-005 ,  -7.6998383604224120E-005
   1.5525358680484557E-004 ,  -1.2281977735187355E-020 ,   5.4280910318597184E-005 ,  -5.4280910318598905E-005
   1.1476738152239317E-004 ,   3.3881317890172014E-021 ,   3.8312683269593311E-005 ,  -3.8312683269594748E-005
   8.3485790681159805E-005 ,   2.1175823681357508E-022 ,   2.7071802327541338E-005 ,  -2.7071802327541684E-005
   5.9789960500155539E-005 ,  -1.1646703024746630E-020 ,   1.9131383054175432E-005 ,  -1.9131383054174782E-005
   4.2171794037825149E-005 ,   3.3881317890172014E-021 ,   1.3499138604665208E-005 ,  -1.3499138604665221E-005
   2.9302457930333157E-005 ,  -3.8116482626443515E-021 ,   9.4903485432347476E-006 ,  -9.4903485432357420E-006
   2.0060426781525577E-005 ,  -2.6999175193730823E-021 ,   6.6326067588823220E-006 ,  -6.6326067588815419E-006
   1.3531797104300488E-005 ,   2.9116757561866574E-022 ,   4.5976793963806933E-006 ,  -4.5976793963803646E-006
   8.9936858267530767E-006 ,  -5.0292581243224083E-022 ,   3.1546384922819655E-006 ,  -3.1546384922822700E-006
   5.8889914889363732E-006 ,  -3.6792993646358671E-021 ,   2.1385878788704827E-006 ,  -2.1385878788709621E-006
   3.7982936181928182E-006 ,   2.5609511764641737E-021 ,   1.4301719722728577E-006 ,  -1.4301719722721075E-006
   2.4125421980821666E-006 ,   1.5517908291494799E-021 ,   9.4218724645091117E-007 ,  -9.4218724645139546E-007
   1.5085661954599945E-006 ,  -6.7861897453850390E-021 ,   6.1069991585693385E-007 ,  -6.1069991585602224E-007
   9.2829358168200221E-007 ,   4.2914130179251076E-021 ,   3.8896171732708759E-007 ,  -3.8896171732636427E-007
   5.6184501996613616E-007 ,  -4.9159343804026435E-021 ,   2.4306691746533571E-007 ,  -2.4306691746487329E-007
   3.3423988575627428E-007 ,   7.0641224312028563E-022 ,   1.4872886446012613E-007 ,  -1.4872886446026801E-007
   1.9524360153373916E-007 ,   2.5721181147336396E-021 ,   8.8821596528105537E-008 ,  -8.8821596527441371E-008
   1.1181401836185474E-007 ,   3.2652954680530767E-021 ,   5.1483067082032961E-008 ,  -5.1483067081497212E-008
   6.2615945982747420E-008 ,  -1.6493981414307372E-021 ,   2.8655279534510497E-008 ,  -2.8655279534959242E-008
   3.4128310748104468E-008 ,   5.0410454480512889E-021 ,   1.4974922918942145E-008 ,  -1.4974922919362092E-008
   1.7942613447052230E-008 ,   2.5187649652239693E-021 ,   6.9464886949259650E-009 ,  -6.9464886945889981E-009
   8.9288936387028073E-009 ,   3.5039370747746252E-021 ,   2.3400224616138816E-009 ,  -2.3400224614445776E-009
   4.0175129536249332E-009 ,  -2.2112605725073812E-021 ,  -2.3664699229180050E-010 ,   2.3664699198714181E-010
   1.4074282940314045E-009 ,  -4.5095819044859686E-021 ,  -1.6339604483034877E-009 ,   1.6339604477387179E-009
   6.2762131854109291E-011 ,  -1.4940949814239062E-021 ,  -2.3602164110890117E-009 ,   2.3602164114723719E-009
  -6.0036223920724337E-010 ,   1.3534742772898915E-021 ,  -2.7126505617474254E-009 ,   2.7126505620748975E-009
  -9.0437685936649794E-010 ,  -1.5404170957268758E-021 ,  -2.8613165469312343E-009 ,   2.8613165469252265E-009
  -1.0236728660795583E-009 ,   1.1386141131792426E-021 ,  -2.9014023488182698E-009 ,   2.9014023490074418E-009
  -1.0505968797658575E-009 ,   1.4146856426188156E-021 ,  -2.8850413529430745E-009 ,   2.8850413530076037E-009
  -1.0330028691054852E-009 ,   4.6777063639873715E-022 ,  -2.8401749161774968E-009 ,   2.8401749163240939E-009
  -9.9513981519904989E-010 ,   4.4192124225645504E-022 ,  -2.7814618215158489E-009 ,   2.7814618212287055E-009
  -9.4900762890964154E-010 ,   4.5288138537278265E-023 ,  -2.7164337718102036E-009 ,   2.7164337722024486E-009
  -9.0039044938775417E-010 ,  -1.5633713577252223E-022 ,  -2.6488843580470742E-009 ,   2.6488843578439600E-009
  -8.5198862269979109E-010 ,  -2.4436983246347820E-021 ,  -2.5806899302169976E-009 ,   2.5806899303084871E-009
  -8.0500707139926335E-010 ,   5.8667784945323488E-022 ,  -2.5127646491861285E-009 ,   2.5127646485897590E-009
  -7.5994218057669167E-010 ,  -9.3181896004098568E-022 ,  -2.4455494196473870E-009 ,   2.4455494193847786E-009
  -7.1696262595713439E-010 ,   9.0514238528615053E-022 ,  -2.3792564810910293E-009 ,   2.3792564810692918E-009
  -6.7608943209844951E-010 ,   2.5745996565712986E-022 ,  -2.3139890468576131E-009 ,   2.3139890468711934E-009
  -6.3727921674521690E-010 ,  -7.0010499094956880E-022 ,  -2.2497985100460603E-009 ,   2.2497985100876534E-009
  -6.0046185215955246E-010 ,   5.1078402825149459E-022 ,  -2.1867113887979486E-009 ,   2.1867113884606673E-009
  -5.6555718318919124E-010 ,  -4.2599801546480925E-023 ,  -2.1247417841721215E-009 ,   2.1247417841536824E-009
  -5.3248234381049754E-010 ,   8.9604339854806723E-022 ,  -2.0638971867830069E-009 ,   2.0638971868353062E-009
  -5.0115491607833379E-010 ,   5.6972064689589781E-023 ,  -2.0041811794529936E-009 ,   2.0041811793329329E-009
  -4.7149431291507843E-010 ,   2.9085738288895836E-022 ,  -1.9455947712820179E-009 ,   1.9455947715808861E-009
  -4.4342237716182571E-010 ,   4.1545146265475815E-022 ,  -1.8881371011473441E-009 ,   1.8881371013944933E-009
  -4.1686363583039318E-010 ,   6.2886406069343929E-022 ,  -1.8318058231618692E-009 ,   1.8318058225602531E-009
  -3.9174540916032052E-010 ,  -3.4090180994841653E-022 ,  -1.7765974107759646E-009 ,   1.7765974105808484E-009
  -3.6799784228288466E-010 ,   3.3107904017434933E-022 ,  -1.7225073158709015E-009 ,   1.7225073164692239E-009
  -3.4555388872317421E-010 ,  -2.2892223452405041E-022 ,  -1.6695301327927411E-009 ,   1.6695301327670446E-009
  -3.2434927391927933E-010 ,  -9.6263143785858596E-023 ,  -1.6176597112546056E-009 ,   1.6176597115058911E-009
  -3.0432244327181205E-010 ,   5.2008981014271615E-023 ,  -1.5668892412344021E-009 ,   1.5668892409958796E-009
  -2.8541449318450597E-010 ,   3.4638188150658034E-023 ,  -1.5172113258175206E-009 ,   1.5172113259753067E-009
  -2.6756909582399890E-010 ,   1.0132962503774589E-023 ,  -1.4686180445498513E-009 ,   1.4686180443686334E-009
  -2.5073242612123378E-010 ,   8.6440374011791392E-023 ,  -1.4211010139072349E-009 ,   1.4211010141817592E-009
  -2.3485307370063359E-010 ,  -1.2169894762186420E-022 ,  -1.3746514126281599E-009 ,   1.3746514121502993E-009
  -2.1988195875849859E-010 ,  -2.6852350635002661E-022 ,  -1.3292600259918901E-009 ,   1.3292600259439194E-009
  -2.0577225160789125E-010 ,   1.8570204751815471E-022 ,  -1.2849172856876799E-009 ,   1.2849172859605643E-009
  -1.9247928339455230E-010 ,  -1.2614504341433672E-022 ,  -1.2416132664540294E-009 ,   1.2416132663293448E-009
  -1.7996046320601624E-010 ,   1.0639610628963318E-022 ,  -1.1993377326362638E-009 ,   1.1993377325883285E-009
  -1.6817519807521560E-010 ,   5.5576197405906547E-023 ,  -1.1580801552004951E-009 ,   1.1580801552370668E-009
  -1.5708480928939055E-010 ,  -2.8036252886719182E-022 ,  -1.1178297206600931E-009 ,   1.1178297207683520E-009
  -1.4665245402114986E-010 ,  -1.3219380164363074E-022 ,  -1.0785753485118878E-009 ,   1.0785753485953236E-009
  -1.3684304893279195E-010 ,  -3.4782944757854814E-022 ,  -1.0403057015050228E-009 ,   1.0403057016902025E-009
  -1.2762319535831188E-010 ,   8.2769760043587332E-023 ,  -1.0030092057849836E-009 ,   1.0030092058153266E-009
  -1.1896110779186778E-010 ,   9.0007590403426324E-023 ,  -9.6667405927566236E-010 ,   9.6667405919965543E-010
  -1.1082654328596445E-010 ,  -7.5376833318894647E-023 ,  -9.3128823807148715E-010 ,   9.3128823793267590E-010
  -1.0319073506146924E-010 ,  -3.5723862704633883E-023 ,  -8.9683951580881512E-010 ,   8.9683951558846165E-010
  -9.6026326793094091E-011 ,  -5.0975005248580330E-023 ,  -8.6331547972230533E-010 ,   8.6331547975975614E-010
  -8.9307310419667432E-011 ,  -5.8884919856118658E-023 ,  -8.3070352203507514E-010 ,   8.3070352197489247E-010
  -8.3008966431552472E-011 ,  -6.4726882932274416E-023 ,  -7.9899086226454698E-010 ,   7.9899086218720994E-010
  -7.7107805915951618E-011 ,  -4.7459487645229963E-023 ,  -7.6816455928369551E-010 ,   7.6816455921049995E-010
  -7.1581514676261156E-011 ,  -9.0627975862841095E-023 ,  -7.3821151374708949E-010 ,   7.3821151378187719E-010
  -6.6408900093517465E-011 ,  -1.2045817670303466E-022 ,  -7.0911848482375563E-010 ,   7.0911848474349698E-010
  -6.1569840466970893E-011 ,  -1.1828682759508296E-022 ,  -6.8087208955916345E-010 ,   6.8087208939492105E-010
  -5.7045235671958512E-011 ,   1.5716431638507526E-023 ,  -6.5345881876396702E-010 ,   6.5345881886168331E-010
  -5.2816960031553665E-011 ,   7.2274906021820793E-023 ,  -6.2686505046867950E-010 ,   6.2686505044164207E-010
  -4.8867817462387896E-011 ,  -1.8094575899597480E-023 ,  -6.0107705610363571E-010 ,   6.0107705606175701E-010
  -4.5181498779872491E-011 ,   4.1824319722212462E-023 ,  -5.7608100673609222E-010 ,   5.7608100677752818E-010
  -4.1742538803963133E-011 ,   3.3061375107978825E-023 ,  -5.5186298865377335E-010 ,   5.5186298864300532E-010
  -3.8536279208242597E-011 ,   2.7917345673664684E-024 ,  -5.2840901023273913E-010 ,   5.2840901023244041E-010
  -3.5548828838558499E-011 ,   7.5170038165756390E-023 ,  -5.0570500744638406E-010 ,   5.0570500743110603E-010
  -3.2767028135700579E-011 ,  -3.1846453583291565E-023 ,  -4.8373686233312764E-010 ,   4.8373686230718943E-010
  -3.0178415126741249E-011 ,  -7.3800020276215438E-023 ,  -4.6249040465726032E-010 ,   4.6249040469743818E-010
  -2.7771191092890051E-011 ,   3.3294019655259364E-023 ,  -4.4195142458744046E-010 ,   4.4195142462805136E-010
  -2.5534189880020053E-011 ,   5.6894516507162935E-023 ,  -4.2210568183093533E-010 ,   4.2210568186243488E-010
  -2.3456847383452896E-011 ,   9.7969203799249215E-023 ,  -4.0293891611519434E-010 ,   4.0293891607914942E-010
  -2.1529173041540632E-011 ,  -1.8689111964869969E-023 ,  -3.8443685466181798E-010 ,   3.8443685468494233E-010
  -1.9741721191443772E-011 ,  -1.8327220446878019E-023 ,  -3.6658522426741700E-010 ,   3.6658522425985678E-010
  -1.8085565884190680E-011 ,  -5.7282257419297166E-023 ,  -3.4936975617913759E-010 ,   3.4936975618830683E-010
  -1.6552274939425368E-011 ,  -1.8611563782443123E-024 ,  -3.3277619772414778E-010 ,   3.3277619769761079E-010
  -1.5133886185884154E-011 ,   6.9017882359893247E-024 ,  -3.1679032452020216E-010 ,   3.1679032450249904E-010
  -1.3822884499752096E-011 ,  -1.5793979820934372E-023 ,  -3.0139793872331247E-010 ,   3.0139793875868246E-010
  -1.2612179689637996E-011 ,   2.6728273543119707E-023 ,  -2.8658489095047749E-010 ,   2.8658489090952616E-010
  -1.1495085796907727E-011 ,  -3.8903338184134583E-024 ,  -2.7233708277652678E-010 ,   2.7233708282684769E-010
  -1.0465300597847571E-011 ,   1.2278462217584005E-024 ,  -2.5864047667144281E-010 ,   2.5864047670137486E-010
  -9.5168870353918944E-012 ,  -1.8262596961522314E-023 ,  -2.4548110410933413E-010 ,   2.4548110407889316E-010
  -8.6442548643183938E-012 ,   3.8386350301288941E-024 ,  -2.3284507471915001E-010 ,   2.3284507470665793E-010
  -7.8421430608133736E-012 ,   9.6418240150712288E-024 ,  -2.2071858348586703E-010 ,   2.2071858346212384E-010
  -7.1056032293688378E-012 ,  -3.3410341928899633E-023 ,  -2.0908791933727443E-010 ,   2.0908791932471786E-010
  -6.4299837567084503E-012 ,  -1.8365994538091443E-023 ,  -1.9793947486051424E-010 ,   1.9793947484227949E-010
  -5.8109148223361402E-012 ,   9.1377608292967276E-024 ,  -1.8725974955444811E-010 ,   1.8725974955985012E-010
  -5.2442937217206188E-012 ,   2.4298430493745188E-024 ,  -1.7703536247319623E-010 ,   1.7703536246766924E-010
  -4.7262711378052774E-012 ,  -2.1971985020939798E-024 ,  -1.6725305876984168E-010 ,   1.6725305878421428E-010
  -4.2532379836450946E-012 ,   1.4850476934741075E-023 ,  -1.5789971571230233E-010 ,   1.5789971570247209E-010
  -3.8218127006219193E-012 ,   2.4880041861946536E-024 ,  -1.4896234934881615E-010 ,   1.4896234935593794E-010
  -3.4288294118797395E-012 ,   2.8822074468644558E-024 ,  -1.4042812320345728E-010 ,   1.4042812318730102E-010
  -3.0713263403381042E-012 ,  -4.4396334439369532E-024 ,  -1.3228435512290539E-010 ,   1.3228435513297791E-010
  -2.7465348521552821E-012 ,  -4.9307719326403134E-024 ,  -1.2451852192839626E-010 ,   1.2451852191756960E-010
  -2.4518690483549575E-012 ,   7.9874627899651735E-024 ,  -1.1711826713500197E-010 ,   1.1711826712608551E-010
  -2.1849157952660841E-012 ,   5.5576197405906547E-024 ,  -1.1007140756466854E-010 ,   1.1007140755669054E-010
  -1.9434251368969711E-012 ,  -2.6689499451906284E-024 ,  -1.0336593737614645E-010 ,   1.0336593736947253E-010
  -1.7253012854850436E-012 ,  -1.2472332673651120E-024 ,  -9.6990035869904627E-011 ,   9.6990035884227479E-011
  -1.5285938853965264E-012 ,  -1.6220494824282027E-024 ,  -9.0932071550769283E-011 ,   9.0932071561514475E-011
  -1.3514897991783037E-012 ,   1.0985992510469899E-025 ,  -8.5180607220873100E-011 ,   8.5180607201743876E-011
  -1.1923051720819054E-012 ,   7.2604485797134890E-024 ,  -7.9724405826329677E-011 ,   7.9724405820197851E-011
  -1.0494778776380717E-012 ,  -9.0472879497987402E-025 ,  -7.4552434523639152E-011 ,   7.4552434512888750E-011
  -9.2156042872768318E-013 ,   1.6802106192483375E-025 ,  -6.9653868379083740E-011 ,   6.9653868379168681E-011
  -8.0721309091441811E-013 ,   1.7157535361939754E-024 ,  -6.5018095648835630E-011 ,   6.5018095646278840E-011
  -7.0519732629034272E-013 ,  -1.9904033489557228E-024 ,  -6.0634721208188920E-011 ,   6.0634721196394707E-011
  -6.1436965782038739E-013 ,   1.5703506941436385E-024 ,  -5.6493569609760501E-011 ,   5.6493569604086191E-011
  -5.3367570844206250E-013 ,   1.4701842918422953E-024 ,  -5.2584688808040551E-011 ,   5.2584688816675787E-011
  -4.6214458199363003E-013 ,   1.4701842918422953E-024 ,  -4.8898352900545315E-011 ,   4.8898352906248622E-011
  -3.9888352118097580E-013 ,  -1.5832753912147795E-024 ,  -4.5425064559367692E-011 ,   4.5425064561623388E-011
  -3.4307284686994422E-013 ,   4.2328382907986963E-025 ,  -4.2155557984845147E-011 ,   4.2155557978428753E-011
  -2.9396106129126930E-013 ,  -1.8708499010476681E-024 ,  -3.9080800148208864E-011 ,   3.9080800141511247E-011
  -2.5086030061225721E-013 ,   2.8531268784543884E-024 ,  -3.6191992981419927E-011 ,   3.6191992982751695E-011
  -2.1314199077202921E-013 ,  -1.3894049351476637E-025 ,  -3.3480574784366344E-011 ,   3.3480574784598808E-011
  -1.8023269156907780E-013 ,  -9.5319640899665298E-026 ,  -3.0938221200318192E-011 ,   3.0938221202014436E-011
  -1.5161020756305584E-013 ,  -7.0278040324329500E-025 ,  -2.8556846157175307E-011 ,   2.8556846155246296E-011
  -1.2679987322675474E-013 ,   2.9565244550235169E-025 ,  -2.6328602044493304E-011 ,   2.6328602041586203E-011
  -1.0537106742257746E-013 ,   5.3799051558624652E-025 ,  -2.4245880002815500E-011 ,   2.4245879995832709E-011
  -8.6933896824824147E-014 ,  -3.2554080747936538E-025 ,  -2.2301309994057315E-011 ,   2.2301309992782083E-011
  -7.1136101781372433E-014 ,   1.5121895573235037E-024 ,  -2.0487760059787230E-011 ,   2.0487760062028773E-011
  -5.7660096861214734E-014 ,  -1.3053944041852468E-024 ,  -1.8798335635569430E-011 ,   1.8798335639773440E-011
  -4.6220215886412300E-014 ,  -3.3119536244798960E-026 ,  -1.7226378480132038E-011 ,   1.7226378479750349E-011
  -3.6560123666938332E-014 ,  -2.5041600575335799E-026 ,  -1.5765465329217277E-011 ,   1.5765465326773772E-011
  -2.8450363144603668E-014 ,   4.5236439748993701E-026 ,  -1.4409406201615828E-011 ,   1.4409406202131546E-011
  -2.1686084066775402E-014 ,  -4.2005265481208437E-026 ,  -1.3152242377420876E-011 ,   1.3152242380446875E-011
  -1.6084901204482882E-014 ,   1.9629383676795481E-025 ,  -1.1988244210511900E-011 ,   1.1988244211744869E-011
  -1.1484898351887330E-014 ,   8.4172089675806136E-025 ,  -1.0911908576016358E-011 ,   1.0911908576753809E-011
  -7.7427673704338978E-015 ,  -7.4074670088977185E-025 ,  -9.9179560236042797E-012 ,   9.9179560237220270E-012
  -4.7320783817430581E-015 ,   1.1002148381808825E-024 ,  -9.0013277914157720E-012 ,   9.0013277913088572E-012
  -2.3416652742574674E-015 ,  -1.3373022500796263E-024 ,  -8.1571824288332507E-012 ,   8.1571824280761413E-012
  -4.7413974270824103E-016 ,  -1.1995734469152794E-025 ,  -7.3808921485834315E-012 ,   7.3808921483407315E-012
   9.5549152470850938E-016 ,  -5.2769114760768098E-025 ,  -6.6680392034609466E-012 ,   6.6680392027441913E-012
   2.0211040320154123E-015 ,  -4.7538651414790702E-025 ,  -6.0144116856833003E-012 ,   6.0144116856514644E-012
   2.7866229661039365E-015 ,  -1.8367206228441862E-025 ,  -5.4159993468603342E-012 ,   5.4159993467847085E-012
   3.3071057342812201E-015 ,   3.4664441441583789E-025 ,  -4.8689891455734574E-012 ,   4.8689891458885098E-012
   3.6297285164973544E-015 ,  -2.0371544016427409E-025 ,  -4.3697606016139628E-012 ,   4.3697606004014194E-012
   3.7946888668513457E-015 ,  -6.7077158315304722E-025 ,  -3.9148810297375390E-012 ,   3.9148810304776855E-012
   3.8360284519481263E-015 ,   4.1242910302402851E-025 ,  -3.5011004949363751E-012 ,   3.5011004946302015E-012
   3.7823822183368549E-015 ,   2.8842016872328545E-025 ,  -3.1253467371465143E-012 ,   3.1253467368613382E-012
   3.6576545064851906E-015 ,  -3.1087430552949633E-025 ,  -2.7847199199339007E-012 ,   2.7847199196532586E-012
   3.4816300037255168E-015 ,   2.5384912841287983E-025 ,  -2.4764872786237548E-012 ,   2.4764872783959283E-012
   3.2705256572808705E-015 ,  -9.4340191199742890E-025 ,  -2.1980775964456987E-012 ,   2.1980775964558975E-012
   3.0374835019507654E-015 ,  -3.1917943313966314E-025 ,  -1.9470756980853481E-012 ,   1.9470756979004271E-012
   2.7930105606518838E-015 ,   1.9387045606711586E-025 ,  -1.7212168545665110E-012 ,   1.7212168545654081E-012
   2.5453707743155090E-015 ,  -1.0804238957906978E-026 ,  -1.5183810348988926E-012 ,   1.5183810348075283E-012
   2.3009338201266337E-015 ,   3.9420326066980225E-025 ,  -1.3365872446099569E-012 ,   1.3365872447947896E-012
   2.0644782780792573E-015 ,   9.7813703537612049E-025 ,  -1.1739877906308563E-012 ,   1.1739877903612156E-012
   1.8394619086357492E-015 ,  -1.4863401631812216E-025 ,  -1.0288625438252635E-012 ,   1.0288625435599461E-012
   1.6282563144288245E-015 ,  -1.6963664905872638E-026 ,  -8.9961320247123507E-013 ,   8.9961320247977223E-013
   1.4323483117869419E-015 ,   2.5182964449551404E-025 ,  -7.8475761315063452E-013 ,   7.8475761305389498E-013
   1.2525152997185780E-015 ,  -1.4015218386518584E-025 ,  -6.8292411216305035E-013 ,   6.8292411211068271E-013
   1.0889772108221298E-015 ,  -2.2658609552844166E-025 ,  -5.9284592580649162E-013 ,   5.9284592583891171E-013
   9.4152172577413765E-016 ,   1.4479699687512716E-025 ,  -5.1335565813775416E-013 ,   5.1335565813776092E-013
   8.0961253247181409E-016 ,   1.2177488021715715E-025 ,  -4.4337984860796639E-013 ,   4.4337984856247479E-013
   6.9247764690852530E-016 ,   3.7400842149614435E-025 ,  -3.8193363922209810E-013 ,   3.8193363919316909E-013
   5.8918581787633475E-016 ,  -5.4485676090529020E-025 ,  -3.2811554472083874E-013 ,   3.2811554468945511E-013
   4.9870430646535963E-016 ,   7.1590704870617263E-025 ,  -2.8110236392026804E-013 ,   2.8110236395507596E-013
   4.1995010628659588E-016 ,  -2.9807582620319064E-025 ,  -2.4014421186107748E-013 ,   2.4014421183968473E-013
   3.5182573130294974E-016 ,   2.1184386293167139E-025 ,  -2.0455969748832294E-013 ,   2.0455969745673175E-013
   2.9325174976770360E-016 ,  -2.5162769610377746E-025 ,  -1.7373126830110799E-013 ,   1.7373126830474260E-013
   2.4318380439030306E-016 ,  -7.0681937107802658E-027 ,  -1.4710070415765500E-013 ,   1.4710070415626355E-013
   2.0063751677637877E-016 ,   4.6024038476766359E-025 ,  -1.2416479175028639E-013 ,   1.2416479172051225E-013
   1.6468564534410183E-016 ,   1.4978512215102066E-024 ,  -1.0447116579305047E-013 ,   1.0447116578770742E-013
   1.3448302470786273E-016 ,   7.4014085571456212E-025 ,  -8.7614346661269348E-014 ,   8.7614346630270510E-014
   1.0924738823375663E-016 ,   4.2187019033771358E-025 ,  -7.3231938167611812E-014 ,   7.3231938169061070E-014
   8.8288406505668036E-017 ,   1.0238783461044556E-025 ,  -6.1001049694232457E-014 ,   6.1001049686826959E-014
   7.0967277459649513E-017 ,   1.1026382188817215E-025 ,  -5.0634863251571046E-014 ,   5.0634863240420491E-014
   5.6748691787159869E-017 ,   4.7114559792143886E-025 ,  -4.1879444301127152E-014 ,   4.1879444302992152E-014
   4.5122917822527456E-017 ,  -7.4518956550797659E-026 ,  -3.4510678244441805E-014 ,   3.4510678238967060E-014
   3.5697260021445054E-017 ,  -4.5175855231472727E-025 ,  -2.8331484089656562E-014 ,   2.8331484089253820E-014
   2.8064789194015125E-017 ,  -5.8888151030386443E-025 ,  -2.3169086911611794E-014 ,   2.3169086909673821E-014
   2.1965554801535072E-017 ,   3.6956555687793961E-025 ,  -1.8872655794753568E-014 ,   1.8872655790222903E-014
   1.7061054747100002E-017 ,   5.7959188428398179E-026 ,  -1.5310872566853438E-014 ,   1.5310872568798608E-014
   1.3217912525100595E-017 ,  -2.1305555328209087E-025 ,  -1.2370007478932463E-014 ,   1.2370007479050319E-014
   1.0124612570076696E-017 ,   3.5643891141506197E-025 ,  -9.9517196040059990E-015 ,   9.9517196049589729E-015
   7.7823005221532260E-018 ,  -9.6188018984132588E-025 ,  -7.9716135350683914E-015 ,   7.9716135343167931E-015
   5.8496846683344211E-018 ,   2.2860557944580745E-025 ,  -6.3571558980080174E-015 ,   6.3571558989035923E-015
   4.4944023954094647E-018 ,  -6.0120036219979575E-025 ,  -5.0468102576607415E-015 ,   5.0468102576135676E-015
   3.2683628870148158E-018 ,   2.3325039245574877E-025 ,  -3.9878763935948513E-015 ,   3.9878763937822183E-015
   2.5685961622467349E-018 ,   3.0231674242965880E-025 ,  -3.1363819524296880E-015 ,   3.1363819530268368E-015
   1.7267192610628764E-018 ,  -2.5970563177324062E-025 ,  -2.4545353194635390E-015 ,   2.4545353194279582E-015
   1.4946165037549657E-018 ,  -2.5021405736162141E-025 ,  -1.9117231888988469E-015 ,   1.9117231891959445E-015
   7.9879681617765264E-019 ,  -1.0683069922865030E-025 ,  -1.4810257785434081E-015 ,   1.4810257785363904E-015
   9.5859442872130583E-019 ,   8.1587150261577925E-026 ,  -1.1419755249178659E-015 ,   1.1419755248372758E-015
   2.0152766437219015E-019 ,   5.6747498077978705E-026 ,  -8.7518979642119047E-016 ,   8.7518979641811076E-016
   7.7853927324005088E-019 ,  -1.0848667604089025E-024 ,  -6.6807039742828086E-016 ,   6.6807039751409631E-016
  -2.6334977979886243E-019 ,  -2.9605634228582485E-025 ,  -5.0589950481466333E-016 ,   5.0589950478177099E-016
   8.6874331701947463E-019 ,   5.8080357463440127E-025 ,  -3.8263263290479568E-016 ,   3.8263263292900424E-016
  -7.5282155268035529E-019 ,   3.1302000719169748E-026 ,  -2.8549065654023801E-016 ,   2.8549065654909850E-016
   1.2288323983592516E-018 ,  -2.5445497358808957E-025 ,  -2.1475539028269975E-016 ,   2.1475539023155632E-016
  -1.4102006911479794E-018 ,  -8.1748708974967188E-025 ,  -1.5655887942248807E-016 ,   1.5655887942349782E-016
   1.9418902557572280E-018 ,  -2.4637703791862641E-026 ,  -1.1873184393151070E-016 ,   1.1873184396139907E-016
  -2.4239455573568808E-018 ,   1.8458083004723323E-025 ,  -8.2249994274684312E-017 ,   8.2249994270140473E-017
   3.1842922527778955E-018 ,   5.0264954703234519E-025 ,  -6.5925663813238305E-017 ,   6.5925663808492518E-017
  -4.0806073066479718E-018 ,  -4.5236439748993701E-026 ,  -3.9231298899408294E-017 ,   3.9231298900418036E-017
   5.2848910160274704E-018 ,  -6.5572642796867209E-025 ,  -3.9105315694708792E-017 ,   3.9105315690366902E-017
  -6.8321353899195140E-018 ,  -5.5333859335822652E-026 ,  -1.2658183638519187E-017 ,   1.2658183639528929E-017
   8.8286978861344219E-018 ,  -8.3808582570680294E-026 ,  -2.8662228178662509E-017 ,   2.8662228173815748E-017
  -1.1443353290501571E-017 ,  -1.1351519099513107E-024 ,   7.4936720013556762E-018 ,  -7.4936720024663923E-018
   1.4802594626940273E-017 ,   4.5822090085029780E-025 ,  -3.0340340924897951E-017 ,   3.0340340922676518E-017
  -1.9230959514600419E-017 ,   1.0864823475427951E-025 ,   2.9468039992113384E-017 ,  -2.9468039994233842E-017
   2.4909106013567942E-017 ,   8.2920009647039347E-025 ,  -4.4385272899177404E-017 ,   4.4385272913515740E-017
  -3.2450005935820134E-017 ,  -2.0174644334484244E-025 ,   6.2451824290398835E-017 ,  -6.2451824281361645E-017
   4.2098055263713823E-017 ,  -2.3426013441443167E-025 ,  -7.4665545367898005E-017 ,   7.4665545372643793E-017
  -5.4940664775865625E-017 ,   5.3294180579283204E-025 ,   1.1914301766840173E-016 ,  -1.1914301765608288E-016
   7.1314444285979076E-017 ,   5.7474512288230390E-025 ,  -1.3231768903206074E-016 ,   1.3231768903246463E-016
  -9.3220755338535936E-017 ,  -6.2402053046602918E-026 ,   2.3119311668093001E-016 ,  -2.3119311667769883E-016
   1.2152484295430338E-016 ,  -3.0696155543960011E-026 ,  -2.4555288831232645E-016 ,   2.4555288830667189E-016
  -1.6008155194204514E-016 ,   5.1961321193821782E-025 ,   4.3390414859557856E-016 ,  -4.3390414852408883E-016
   2.0924877661888479E-016 ,   3.6290125995063250E-025 ,  -3.8402344569667585E-016 ,   3.8402344571262977E-016
  -2.7168465915857380E-016 ,  -1.1167746063032820E-024 ,   7.6280083870307041E-016 ,  -7.6280083866187293E-016
   3.4416079274885082E-016 ,   6.2543416920818523E-025 ,  -7.5184176385576878E-016 ,   7.5184176369097889E-016
  -4.4424180215825635E-016 ,   6.8298946085311025E-025 ,   1.9345561755983529E-015 ,  -1.9345561755369606E-015
   6.1193562325143087E-016 ,   2.7000499975180615E-025 ,  -1.6515054825274077E-015 ,   1.6515054821396668E-015
  -9.1597845878107010E-016 ,  -3.4533174986955013E-026 ,   2.5682051866189659E-015 ,  -2.5682051865672671E-015
   1.2704848319825842E-015 ,   2.7565955472043037E-025 ,   9.5273910467654488E-016 ,  -9.5273910413370760E-016
  -1.3112608936318538E-015 ,   2.0982437901430560E-025 ,   4.1576671247463253E-015 ,  -4.1576671248238735E-015
   5.7398508276231300E-016 ,   4.8932095317773097E-025 ,  -1.0368508580303728E-014 ,   1.0368508580820716E-014
  -4.1353212632133477E-016 ,   6.6945891860675946E-025 ,   3.3391530541390556E-014 ,  -3.3391530541028664E-014
   4.5460455367326949E-015 ,  -2.2133543734329061E-025 ,  -9.1270138692358187E-016 ,   9.1270138547601580E-016
  -1.6953383029351908E-014 ,  -1.3550737085524452E-025 ,  -5.5497021138680728E-014 ,   5.5497021139921499E-014
   2.2057492272354903E-014 ,   3.0231674242965880E-025 ,   1.0972232034533250E-013 ,  -1.0972232033892185E-013
   1.6900123582862028E-014 ,   3.1907845894379486E-026 ,   2.3232263434040177E-013 ,  -2.3232263435239589E-013
  -1.0465732545470150E-013 ,   3.7380647310440777E-025 ,  -5.6362958129284260E-013 ,   5.6362958130235517E-013
   3.4955863399022258E-014 ,   2.4900236701120193E-025 ,   1.7447922228448988E-013 ,  -1.7447922228366270E-013
   3.9058207120476502E-013 ,  -1.7953212025381875E-025 ,   2.3123469276246503E-012 ,  -2.3123469276378852E-012
  -9.3034351205645293E-013 ,   5.4223143181271467E-025 ,  -7.4383989126533354E-013 ,   7.4383989126533354E-013
   9.0274573500952430E-013 ,   8.0375459911158451E-025 ,  -3.9986716864538235E-012 ,   3.9986716864223906E-012
   4.1472227258263196E-012 ,  -6.6016929258687682E-025 ,   1.2809188708458793E-011 ,  -1.2809188708531585E-011
  -3.3158022406352554E-013 ,  -5.5596392245080205E-025 ,   4.1419817344030248E-011 ,  -4.1419817344205610E-011
  -5.8522849791257663E-012 ,   8.6030014879782663E-026 ,   5.1510615885903313E-012 ,  -5.1510615886780124E-012
  -4.7915822603627872E-013 ,  -1.5622727584741753E-024 ,  -4.1726027987106764E-011 ,   4.1726027987123307E-011
   3.8205983194968465E-012 ,   2.7990047094689852E-025 ,  -2.4030678744310981E-011 ,   2.4030678744084333E-011
  -6.2195575051816132E-012 ,  -8.8352421384753322E-029 ,   3.0126866929203328E-011 ,  -3.0126866929203328E-011
