 mean[omega_x],mean[omega_y],mean[omega_z],dU/dy
  -3.0554507805484001E-002 ,  -3.3180120762319933E-024 ,   1.4284279398917028      ,   1.4568664082070848     
  -3.0484581685455099E-002 ,  -4.3368086899420177E-019 ,   1.4285671830432491      ,   1.4536962655947367     
  -3.0287918418993223E-002 ,   4.7704895589362195E-018 ,   1.4282366227828631      ,   1.4505004738080562     
  -2.9968625175289934E-002 ,   8.2399365108898337E-018 ,   1.4271365015969708      ,   1.4468870308309598     
  -2.9532847815830012E-002 ,   1.7347234759768071E-018 ,   1.4247136892771459      ,   1.4422571430908349     
  -2.8982889430899918E-002 ,   7.8062556418956319E-018 ,   1.4205501505829572      ,   1.4361535625962010     
  -2.8320149661244205E-002 ,   4.3368086899420177E-018 ,   1.4142309198831273      ,   1.4281346313941021     
  -2.7545021803572826E-002 ,   1.7347234759768071E-017 ,   1.4054095932764687      ,   1.4178316827193602     
  -2.6658094918027939E-002 ,   2.2551405187698492E-017 ,   1.3937998356749073      ,   1.4049406226004864     
  -2.5661007531559431E-002 ,   1.2143064331837650E-017 ,   1.3791911555314402      ,   1.3892367357869158     
  -2.4557385535264358E-002 ,  -1.5612511283791264E-017 ,   1.3614538520436912      ,   1.3705779339830324     
  -2.3353629671525610E-002 ,   6.9388939039072284E-018 ,   1.3405431110281012      ,   1.3489088651927308     
  -2.2059485371832763E-002 ,   1.9081958235744878E-017 ,   1.3165003366499342      ,   1.3242612713873572     
  -2.0688370927879170E-002 ,   1.7347234759768071E-017 ,   1.2894498392686735      ,   1.2967506623260909     
  -1.9257397562652497E-002 ,  -2.7755575615628914E-017 ,   1.2595934640394604      ,   1.2665703507915202     
  -1.7787112812185778E-002 ,  -1.3877787807814457E-017 ,   1.2272011503938944      ,   1.2339818592397718     
  -1.6300971574106246E-002 ,  -2.4286128663675299E-017 ,   1.1925998921523193      ,   1.1993034801945217     
  -1.4824602069032244E-002 ,   6.5919492087118670E-017 ,   1.1561602068544088      ,   1.1628965739865209     
  -1.3384921840484549E-002 ,  -2.7755575615628914E-017 ,   1.1182820329462460      ,   1.1251513031287974     
  -1.2009184633385449E-002 ,  -3.8163916471489756E-017 ,   1.0793799437180205      ,   1.0864719425814493     
  -1.0724025633440427E-002 ,   4.1633363423443370E-017 ,   1.0398690509088597      ,   1.0472631499967380     
  -9.5545719163276886E-003 ,  -1.0408340855860843E-017 ,   1.0001517906171555      ,   1.0079175713701871     
  -8.5236664650180718E-003 ,  -3.1225022567582528E-017 ,  0.96060646057115495      ,  0.96880579973828207     
  -7.6512409074233224E-003 ,   0.0000000000000000      ,  0.92157767556810954      ,  0.93026913381580645     
  -6.9538535010718614E-003 ,  -3.1225022567582528E-017 ,  0.88336915208835709      ,  0.89261606606327604     
  -6.4443950721386860E-003 ,   0.0000000000000000      ,  0.84623880407978302      ,  0.85612342586384160     
  -6.1319528089221233E-003 ,  -4.1633363423443370E-017 ,  0.81039618260628665      ,  0.82104303741893236     
  -6.0218140238963705E-003 ,  -2.7755575615628914E-017 ,  0.77600203787417166      ,  0.78760909678350632     
  -6.1155871484366757E-003 ,   1.3877787807814457E-017 ,  0.74316977755626235      ,  0.75602439168905344     
  -6.4114162446269616E-003 ,   1.0408340855860843E-017 ,  0.71196846808316627      ,  0.72640737813574763     
  -6.9042664542255903E-003 ,  -2.7755575615628914E-017 ,  0.68242703312792596      ,  0.69875701179820437     
  -7.5862607559604219E-003 ,   0.0000000000000000      ,  0.65453926954741648      ,  0.67299493007842393     
  -8.4470517942249884E-003 ,   4.8572257327350599E-017 ,  0.62826933925493422      ,  0.64901345399577870     
  -9.4742159346857813E-003 ,  -3.8163916471489756E-017 ,  0.60355742067835694      ,  0.62670909583050038     
  -1.0653659330982052E-002 ,  -2.4286128663675299E-017 ,  0.58032526245621563      ,  0.60599967661786536     
  -1.1970027538437089E-002 ,   2.0816681711721685E-017 ,  0.55848143276007001      ,  0.58682518568873043     
  -1.3407110923773733E-002 ,   1.3877787807814457E-017 ,  0.53792611824468384      ,  0.56909224655684176     
  -1.4948238033378724E-002 ,   2.0816681711721685E-017 ,  0.51855537677148278      ,  0.55274006574148915     
  -1.6576648425532237E-002 ,   2.7755575615628914E-017 ,  0.50026479514696376      ,  0.53769508875090855     
  -1.8275835653591851E-002 ,   1.3877787807814457E-017 ,  0.48295253849126363      ,  0.52393244779338144     
  -2.0029850456190178E-002 ,   1.3877787807814457E-017 ,  0.46652180570368484      ,  0.51133451963502119     
  -2.1823554129081817E-002 ,  -3.1225022567582528E-017 ,  0.45088272337053059      ,  0.49974339026689851     
  -2.3642812763174020E-002 ,  -3.4694469519536142E-018 ,  0.43595372172460056      ,  0.48899093168233426     
  -2.5474624688208297E-002 ,   6.9388939039072284E-018 ,  0.42166244133940917      ,  0.47896253223297658     
  -2.7307176068325584E-002 ,   4.8572257327350599E-017 ,  0.40794622089036175      ,  0.46958635432058315     
  -2.9129823044347400E-002 ,   1.7347234759768071E-017 ,  0.39475221571178554      ,  0.46080429667300138     
  -3.0933002876033934E-002 ,  -1.3877787807814457E-017 ,  0.38203719582529350      ,  0.45254389681431961     
  -3.2708080892539543E-002 ,   3.4694469519536142E-017 ,  0.36976707130910458      ,  0.44474317198489149     
  -3.4447144341775641E-002 ,  -3.1225022567582528E-017 ,  0.35791619290898219      ,  0.43737290725920369     
  -3.6142758058702096E-002 ,   2.0816681711721685E-017 ,  0.34646647647127166      ,  0.43040989582461259     
  -3.7787699889119661E-002 ,   6.2450045135165055E-017 ,  0.33540640070043343      ,  0.42385271060996943     
  -3.9374695706442600E-002 ,  -3.4694469519536142E-018 ,  0.32472992814190871      ,  0.41767592630058492     
  -4.0896174423893594E-002 ,   4.1633363423443370E-017 ,  0.31443539843161117      ,  0.41188432496271615     
  -4.2344062518426054E-002 ,   3.4694469519536142E-018 ,  0.30452444008986473      ,  0.40645222558109934     
  -4.3709635249581491E-002 ,  -1.7347234759768071E-017 ,  0.29500094214756301      ,  0.40134891051113786     
  -4.4983438107195101E-002 ,  -1.3877787807814457E-017 ,  0.28587011970415122      ,  0.39656577775648333     
  -4.6155287310043203E-002 ,   1.7347234759768071E-017 ,  0.27713769855308440      ,  0.39202476168919087     
  -4.7214352763787520E-002 ,  -5.8980598183211441E-017 ,  0.26880923399283274      ,  0.38772686100863218     
  -4.8149321208173265E-002 ,  -2.4286128663675299E-017 ,  0.26088956878191999      ,  0.38361128514854437     
  -4.8948631811252120E-002 ,  -9.7144514654701197E-017 ,  0.25338242583060933      ,  0.37963087404116125     
  -4.9600771655596593E-002 ,   1.7347234759768071E-017 ,  0.24629012346737164      ,  0.37577141853079693     
  -5.0094614791397818E-002 ,  -2.4286128663675299E-017 ,  0.23961339554865330      ,  0.37197637781434217     
  -5.0419786073294365E-002 ,  -4.1633363423443370E-017 ,  0.23335129556009868      ,  0.36821281225611330     
  -5.0567029978238830E-002 ,  -3.4694469519536142E-017 ,  0.22750116312722365      ,  0.36447214327217337     
  -5.0528564996024761E-002 ,   1.7347234759768071E-017 ,  0.22205863267411982      ,  0.36072029235873643     
  -5.0298405829561438E-002 ,   3.4694469519536142E-018 ,  0.21701766680258944      ,  0.35693804906875981     
  -4.9872638269783179E-002 ,   4.1633363423443370E-017 ,  0.21237060068598093      ,  0.35312014647295825     
  -4.9249634890834046E-002 ,  -2.7755575615628914E-017 ,  0.20810818777477430      ,  0.34924761624842571     
  -4.8430203305908269E-002 ,   4.8572257327350599E-017 ,  0.20421964090073527      ,  0.34532548402645968     
  -4.7417662331912629E-002 ,  -2.7755575615628914E-017 ,  0.20069266611144934      ,  0.34134845917818968     
  -4.6217844803747528E-002 ,  -3.4694469519536142E-017 ,  0.19751348910889480      ,  0.33729539339504799     
  -4.4839028816487693E-002 ,   5.2041704279304213E-018 ,  0.19466687599024912      ,  0.33315358175077703     
  -4.3291801799117013E-002 ,  -3.4694469519536142E-018 ,  0.19213615117103428      ,  0.32891692228159253     
  -4.1588864040911805E-002 ,   1.7347234759768071E-017 ,  0.18990321602426388      ,  0.32457815024848058     
  -3.9744780135722073E-002 ,   1.7347234759768071E-018 ,  0.18794857201170906      ,  0.32014647380146910     
  -3.7775688314175153E-002 ,  -3.9898639947466563E-017 ,  0.18625135202172979      ,  0.31563970271112041     
  -3.5698978807207959E-002 ,   3.4694469519536142E-018 ,  0.18478936335659790      ,  0.31109082819032241     
  -3.3532953193974022E-002 ,   3.1225022567582528E-017 ,  0.18353914541884908      ,  0.30651680393438058     
  -3.1296477061842645E-002 ,   3.9898639947466563E-017 ,  0.18247604471214737      ,  0.30191748043643740     
  -2.9008638153943372E-002 ,   1.7347234759768071E-018 ,  0.18157430937989782      ,  0.29731220660499919     
  -2.6688421420126812E-002 ,   8.6736173798840355E-018 ,  0.18080720524216559      ,  0.29273367958321289     
  -2.4354410987205692E-002 ,   3.1225022567582528E-017 ,  0.18014715524529437      ,  0.28822861311761494     
  -2.2024527064518632E-002 ,  -2.6020852139652106E-017 ,  0.17956590447024051      ,  0.28385547397168637     
  -1.9715803323600019E-002 ,   1.0408340855860843E-017 ,  0.17903471334569476      ,  0.27968631325978721     
  -1.7444207529089914E-002 ,  -2.0816681711721685E-017 ,  0.17852458236305288      ,  0.27578000006802877     
  -1.5224505391115525E-002 ,  -1.2143064331837650E-017 ,  0.17800651215053831      ,  0.27222711796187848     
  -1.3070165011031020E-002 ,   5.8980598183211441E-017 ,  0.17745180289355303      ,  0.26906228611281158     
  -1.0993297137296840E-002 ,   1.2143064331837650E-017 ,  0.17683239641077167      ,  0.26625082463195682     
  -9.0046249204134444E-003 ,  -2.6020852139652106E-017 ,  0.17612126238273346      ,  0.26370833500539559     
  -7.1134760651190964E-003 ,  -1.0408340855860843E-017 ,  0.17529282709137170      ,  0.26132809413409042     
  -5.3277902500817199E-003 ,   1.7347234759768071E-018 ,  0.17432343859393709      ,  0.25905876474270750     
  -3.6541353659360321E-003 ,  -3.4694469519536142E-018 ,  0.17319185681455559      ,  0.25680197843931851     
  -2.0977273917449886E-003 ,   2.7755575615628914E-017 ,  0.17187975114757631      ,  0.25452324031080653     
  -6.6245041825299103E-004 ,   1.9081958235744878E-017 ,  0.17037218259885312      ,  0.25221312782280020     
   6.4912477043361540E-004 ,  -6.9388939039072284E-018 ,  0.16865804312386246      ,  0.24981426216417396     
   1.8357232519630956E-003 ,   3.2959746043559335E-017 ,  0.16673042251611886      ,  0.24734397032708952     
   2.8973476977544486E-003 ,   2.4286128663675299E-017 ,  0.16458687364273203      ,  0.24478583275337801     
   3.8352561101658443E-003 ,  -2.6020852139652106E-017 ,  0.16222955038523537      ,  0.24210373977742067     
   4.6519317758756283E-003 ,  -3.6429192995512949E-017 ,  0.15966519926798400      ,  0.23929405612177623     
   5.3510416916994399E-003 ,   1.5612511283791264E-017 ,  0.15690499492548357      ,  0.23638117258646155     
   5.9373803937169513E-003 ,   1.0408340855860843E-017 ,  0.15396422034478230      ,  0.23338014982745331     
   6.4167972950505778E-003 ,   5.2041704279304213E-018 ,  0.15086180401339733      ,  0.23032842976628862     
   6.7961071112303080E-003 ,  -1.5612511283791264E-017 ,  0.14761973641774115      ,  0.22722480250160482     
   7.0829844930628775E-003 ,   2.9490299091605721E-017 ,  0.14426239660444548      ,  0.22406327909202534     
   7.2858453750884022E-003 ,  -2.6020852139652106E-017 ,  0.14081582487147234      ,  0.22085613291698153     
   7.4137186083437535E-003 ,   3.4694469519536142E-017 ,  0.13730697964424901      ,  0.21762862710884290     
   7.4761120698394979E-003 ,  -1.3877787807814457E-017 ,  0.13376301520866934      ,  0.21441797498224224     
   7.4828775893361170E-003 ,  -2.4286128663675299E-017 ,  0.13021061261799505      ,  0.21122730812144133     
   7.4440787335262673E-003 ,   5.2041704279304213E-018 ,  0.12667538947139961      ,  0.20806636761737959     
   7.3698648196559987E-003 ,   0.0000000000000000      ,  0.12318140627066351      ,  0.20493454665047883     
   7.2703536142287115E-003 ,   2.9490299091605721E-017 ,  0.11975077863763511      ,  0.20184753779998449     
   7.1555241478237783E-003 ,  -1.0408340855860843E-017 ,  0.11640339668940175      ,  0.19882566606239171     
   7.0351200859570719E-003 ,  -1.9081958235744878E-017 ,  0.11315674603076745      ,  0.19587973139538509     
   6.9185632621496865E-003 ,   5.5511151231257827E-017 ,  0.11002581962076211      ,  0.19302754185958965     
   6.8148763922384198E-003 ,  -3.1225022567582528E-017 ,  0.10702310644040934      ,  0.19027295478983208     
   6.7326136916269260E-003 ,  -1.3877787807814457E-017 ,  0.10415864143135338      ,  0.18761159960936952     
   6.6797981028002568E-003 ,   2.0816681711721685E-017 ,  0.10144010138210749      ,  0.18504786485214350     
   6.6638640568510710E-003 ,   1.7347234759768071E-017 ,   9.8872932953866025E-002 ,  0.18259122019180418     
   6.6916050548292555E-003 ,  -1.7347234759768071E-018 ,   9.6460501420043671E-002 ,  0.18024988068093853     
   6.7691257618838529E-003 ,   1.5612511283791264E-017 ,   9.4204251483156975E-002 ,  0.17801796127760561     
   6.9017986640493249E-003 ,  -1.7347234759768071E-017 ,   9.2103874311633693E-002 ,  0.17588780287516903     
   7.0942255729585929E-003 ,   1.7347234759768071E-018 ,   9.0157477373090031E-002 ,  0.17387290993054477     
   7.3502043450348054E-003 ,   1.0408340855860843E-017 ,   8.8361755505489331E-002 ,  0.17198661479970784     
   7.6727011201563489E-003 ,  -2.9490299091605721E-017 ,   8.6712162856350000E-002 ,  0.17024431669927606     
   8.0638282302923012E-003 ,  -3.2959746043559335E-017 ,   8.5203085834065564E-002 ,  0.16865436052128088     
   8.5248277543761956E-003 ,  -1.7347234759768071E-018 ,   8.3828017146162948E-002 ,  0.16719958527815446     
   9.0560605771225142E-003 ,  -8.6736173798840355E-018 ,   8.2579730504641957E-002 ,  0.16589861901976502     
   9.6570008037733211E-003 ,  -3.4694469519536142E-018 ,   8.1450454854207599E-002 ,  0.16476932620386425     
   1.0326235515130171E-002 ,   2.0816681711721685E-017 ,   8.0432046226793272E-002 ,  0.16380947404325441     
   1.1061470107307318E-002 ,  -1.9081958235744878E-017 ,   7.9516154719327298E-002 ,  0.16300519331443394     
   1.1859539807877973E-002 ,   2.4286128663675299E-017 ,   7.8694383747302837E-002 ,  0.16235565660471538     
   1.2716428334468444E-002 ,   2.9490299091605721E-017 ,   7.7958438685805653E-002 ,  0.16189122118439170     
   1.3627294995047636E-002 ,  -5.2041704279304213E-018 ,   7.7300262239685696E-002 ,  0.16160579822174179     
   1.4586511752902225E-002 ,   4.6837533851373792E-017 ,   7.6712154298850393E-002 ,  0.16147243224190388     
   1.5587711831355454E-002 ,   2.0816681711721685E-017 ,   7.6186874528592699E-002 ,  0.16146189186737320     
   1.6623851262402071E-002 ,  -3.2959746043559335E-017 ,   7.5717726429441828E-002 ,  0.16156585148397248     
   1.7687284356008810E-002 ,   1.2143064331837650E-017 ,   7.5298622030325779E-002 ,  0.16176149402500817     
   1.8769853375339068E-002 ,   8.6736173798840355E-018 ,   7.4924126753615108E-002 ,  0.16204210815795264     
   1.9862991774848633E-002 ,   3.1225022567582528E-017 ,   7.4589484347329024E-002 ,  0.16241026976310802     
   2.0957839260122027E-002 ,   8.6736173798840355E-018 ,   7.4290622165683010E-002 ,  0.16285018430078441     
   2.2045365765560643E-002 ,  -5.3776427755281020E-017 ,   7.4024137527451822E-002 ,  0.16334055198841779     
   2.3116500351595706E-002 ,  -2.6020852139652106E-017 ,   7.3787266395500400E-002 ,  0.16386653049711264     
   2.4162260140289327E-002 ,   8.6736173798840355E-018 ,   7.3577836167179611E-002 ,  0.16440639985181255     
   2.5173873869782089E-002 ,   1.3877787807814457E-017 ,   7.3394204884654576E-002 ,  0.16493457255954158     
   2.6142894556083346E-002 ,  -1.7347234759768071E-018 ,   7.3235189593388594E-002 ,  0.16544208625224760     
   2.7061296161997449E-002 ,   3.4694469519536142E-017 ,   7.3099986828817881E-002 ,  0.16591858773622140     
   2.7921550091824059E-002 ,  -1.7347234759768071E-018 ,   7.2988088244627700E-002 ,  0.16636019077183109     
   2.8716678709512750E-002 ,   5.2041704279304213E-018 ,   7.2899194185250732E-002 ,  0.16675126191617362     
   2.9440284825183537E-002 ,   3.4694469519536142E-018 ,   7.2833127553826982E-002 ,  0.16708192488121310     
   3.0086558083665692E-002 ,   1.0408340855860843E-017 ,   7.2789749669009710E-002 ,  0.16734676281376409     
   3.0650261267636494E-002 ,  -1.3877787807814457E-017 ,   7.2768879006041759E-002 ,  0.16752972107746994     
   3.1126701529243780E-002 ,  -1.3877787807814457E-017 ,   7.2770212883837351E-002 ,  0.16762748268199937     
   3.1511693308932429E-002 ,  -1.9081958235744878E-017 ,   7.2793251432874101E-002 ,  0.16764982829797534     
   3.1801521003441122E-002 ,   1.3877787807814457E-017 ,   7.2837222730313164E-002 ,  0.16759629773201992     
   3.1992910123605139E-002 ,   1.5612511283791264E-017 ,   7.2901008001296119E-002 ,  0.16745975265023910     
   3.2083015570911991E-002 ,  -1.5612511283791264E-017 ,   7.2983066407731445E-002 ,  0.16724058546732495     
   3.2069434636169000E-002 ,   1.9081958235744878E-017 ,   7.3081360241259247E-002 ,  0.16694151963195919     
   3.1950250334826402E-002 ,  -3.2959746043559335E-017 ,   7.3193283232757478E-002 ,  0.16657005028552718     
   3.1724107796734687E-002 ,  -3.4694469519536142E-018 ,   7.3315596950068132E-002 ,  0.16612279866218704     
   3.1390322800453611E-002 ,   1.2143064331837650E-017 ,   7.3444382496907212E-002 ,  0.16559931581917042     
   3.0949017476636351E-002 ,  -1.7347234759768071E-017 ,   7.3575016497722634E-002 ,  0.16500001746761980     
   3.0401274079699440E-002 ,  -5.2041704279304213E-018 ,   7.3702181244137577E-002 ,  0.16433257034740301     
   2.9749293960763971E-002 ,   1.3877787807814457E-017 ,   7.3819918625055145E-002 ,  0.16360198037700152     
   2.8996545886063471E-002 ,  -3.2959746043559335E-017 ,   7.3921736006676508E-002 ,  0.16280768492932204     
   2.8147886026994341E-002 ,   3.4694469519536142E-018 ,   7.4000769676637032E-002 ,  0.16195789062128335     
   2.7209631661752769E-002 ,   5.2041704279304213E-018 ,   7.4050007980066043E-002 ,  0.16106217050141208     
   2.6189572192382188E-002 ,   3.1225022567582528E-017 ,   7.4062571944269823E-002 ,  0.16014056607843552     
   2.5096904729903325E-002 ,  -5.2041704279304213E-018 ,   7.4032045974007255E-002 ,  0.15920043125248054     
   2.3942087297400393E-002 ,  -1.0408340855860843E-017 ,   7.3952845025917618E-002 ,  0.15824473980828577     
   2.2736610413627768E-002 ,  -3.1225022567582528E-017 ,   7.3820597643925262E-002 ,  0.15726364950280236     
   2.1492696805744515E-002 ,   4.5102810375396984E-017 ,   7.3632516905316622E-002 ,  0.15624785467865301     
   2.0222948176385199E-002 ,   1.9081958235744878E-017 ,   7.3387724824655526E-002 ,  0.15520621210177304     
   1.8939965906351205E-002 ,  -3.4694469519536142E-018 ,   7.3087491712603175E-002 ,  0.15416459608023045     
   1.7655977839400136E-002 ,   1.0408340855860843E-017 ,   7.2735352116603230E-002 ,  0.15313652001307029     
   1.6382504703391882E-002 ,  -3.2959746043559335E-017 ,   7.2337064554038835E-002 ,  0.15209589676734925     
   1.5130096738410169E-002 ,   8.6736173798840355E-018 ,   7.1900393582836911E-002 ,  0.15102768069835956     
   1.3908163983288285E-002 ,   2.0816681711721685E-017 ,   7.1434708907621533E-002 ,  0.14993655313293178     
   1.2724913379901745E-002 ,  -1.7347234759768071E-017 ,   7.0950415165315833E-002 ,  0.14883510123907301     
   1.1587393785083369E-002 ,   3.2959746043559335E-017 ,   7.0458245135691128E-002 ,  0.14769909103465456     
   1.0501637638376318E-002 ,   1.7347234759768071E-017 ,   6.9968465769101179E-002 ,  0.14653992880101879     
   9.4728768076180973E-003 ,  -2.6020852139652106E-017 ,   6.9490058568562829E-002 ,  0.14535980910214993     
   8.5058012164713915E-003 ,  -1.7347234759768071E-018 ,   6.9029942300328134E-002 ,  0.14415551614631408     
   7.6048232592032241E-003 ,  -2.2551405187698492E-017 ,   6.8592306338639636E-002 ,  0.14294003661342522     
   6.7743095440768852E-003 ,  -3.4694469519536142E-018 ,   6.8178117345448264E-002 ,  0.14173568848085577     
   6.0187446879905460E-003 ,   3.4694469519536142E-018 ,   6.7784850894582027E-002 ,  0.14055685274853391     
   5.3427997304812793E-003 ,   0.0000000000000000      ,   6.7406483631118230E-002 ,  0.13941881278720469     
   4.7512896075680095E-003 ,   2.2551405187698492E-017 ,   6.7033761299302927E-002 ,  0.13833717011697816     
   4.2490186866337310E-003 ,  -1.7347234759768071E-017 ,   6.6654734486551848E-002 ,  0.13731845268879661     
   3.8405286946638752E-003 ,  -1.0408340855860843E-017 ,   6.6255528800937366E-002 ,  0.13634715095397745     
   3.5297772470514258E-003 ,   1.2143064331837650E-017 ,   6.5821291736583160E-002 ,  0.13540110382660395     
   3.3197854316859903E-003 ,  -1.2143064331837650E-017 ,   6.5337237646495516E-002 ,  0.13445406025603285     
   3.2122977968726263E-003 ,   3.4694469519536142E-018 ,   6.4789698265264484E-002 ,  0.13348427825753201     
   3.2074966967548368E-003 ,  -1.3877787807814457E-017 ,   6.4167081964077610E-002 ,  0.13248349770385034     
   3.3038053560930170E-003 ,  -2.7755575615628914E-017 ,   6.3460652112404231E-002 ,  0.13147332304774162     
   3.4978014098963825E-003 ,  -5.2041704279304213E-018 ,   6.2665053535543552E-002 ,  0.13042983219910398     
   3.7842471785647846E-003 ,   1.5612511283791264E-017 ,   6.1778544018202833E-002 ,  0.12932789507519551     
   4.1562272663930059E-003 ,   3.2959746043559335E-017 ,   6.0802921200851345E-002 ,  0.12817111073014600     
   4.6053709956100598E-003 ,  -1.7347234759768071E-018 ,   5.9743169022774878E-002 ,  0.12700019313366176     
   5.1221289720659400E-003 ,   1.2143064331837650E-017 ,   5.8606876982334695E-002 ,  0.12580711384552551     
   5.6960709780181588E-003 ,   3.4694469519536142E-018 ,   5.7403505807528274E-002 ,  0.12460686291014569     
   6.3161763776487662E-003 ,   2.2551405187698492E-017 ,   5.6143582359118510E-002 ,  0.12341982796967260     
   6.9710970283566043E-003 ,   3.1225022567582528E-017 ,   5.4837904551630290E-002 ,  0.12224147747780575     
   7.6493841237443641E-003 ,   0.0000000000000000      ,   5.3496825532708042E-002 ,  0.12107344632781399     
   8.3396818734144812E-003 ,   4.3368086899420177E-017 ,   5.2129668387020496E-002 ,  0.11995102915185449     
   9.0309000601369316E-003 ,  -1.9081958235744878E-017 ,   5.0744301817839406E-002 ,  0.11886055814954337     
   9.7123825778092400E-003 ,   8.6736173798840355E-018 ,   4.9346886951891156E-002 ,  0.11781096874513133     
   1.0374089247825648E-002 ,  -1.2143064331837650E-017 ,   4.7941788165713393E-002 ,  0.11680705889010609     
   1.1006803721423080E-002 ,   3.4694469519536142E-017 ,   4.6531628154106039E-002 ,  0.11584632565567696     
   1.1602372126928207E-002 ,  -2.4286128663675299E-017 ,   4.5117459822927544E-002 ,  0.11492009940056168     
   1.2153966921257127E-002 ,  -3.4694469519536142E-018 ,   4.3699024593446212E-002 ,  0.11400389456002011     
   1.2656360034890467E-002 ,   3.1225022567582528E-017 ,   4.2275067351043624E-002 ,  0.11310708811006695     
   1.3106180708130381E-002 ,   0.0000000000000000      ,   4.0843681242442233E-002 ,  0.11220493869562911     
   1.3502127957492251E-002 ,  -1.7347234759768071E-018 ,   3.9402659489220775E-002 ,  0.11131541301040834     
   1.3845106435007366E-002 ,  -8.6736173798840355E-018 ,   3.7949835263643296E-002 ,  0.11042510609243152     
   1.4138257954420592E-002 ,  -2.2551405187698492E-017 ,   3.6483393841600487E-002 ,  0.10953047351802919     
   1.4386868850476754E-002 ,   8.6736173798840355E-018 ,   3.5002143604903703E-002 ,  0.10862323613807953     
   1.4598144627450203E-002 ,   8.6736173798840355E-018 ,   3.3505734354453406E-002 ,  0.10770283745491996     
   1.4780856527907121E-002 ,   6.9388939039072284E-018 ,   3.1994813406990300E-002 ,  0.10679377299024648     
   1.4944877921079059E-002 ,  -3.1225022567582528E-017 ,   3.0471112684005631E-002 ,  0.10589369096663989     
   1.5100640007751662E-002 ,  -1.0408340855860843E-017 ,   2.8937463862243478E-002 ,  0.10502729220551502     
   1.5258544812794872E-002 ,   0.0000000000000000      ,   2.7397743686312620E-002 ,  0.10418227117071714     
   1.5428377845340072E-002 ,   1.0408340855860843E-017 ,   2.5856757357398147E-002 ,  0.10336167465815507     
   1.5618762802897791E-002 ,   6.9388939039072284E-018 ,   2.4320073705185220E-002 ,  0.10258175863555330     
   1.5836696510624988E-002 ,   1.3877787807814457E-017 ,   2.2793830551348981E-002 ,  0.10184467830672370     
   1.6087194641639522E-002 ,   1.5612511283791264E-017 ,   2.1284531220450622E-002 ,  0.10116546244039168     
   1.6373068728548427E-002 ,   2.6020852139652106E-017 ,   1.9798852827104394E-002 ,  0.10053114691971686     
   1.6694843785953619E-002 ,  -1.7347234759768071E-018 ,   1.8343483643809763E-002 ,   9.9965071103862768E-002
   1.7050814721103993E-002 ,   1.2143064331837650E-017 ,   1.6925001067066688E-002 ,   9.9450671243945493E-002
   1.7437229617067666E-002 ,   1.5612511283791264E-017 ,   1.5549794480293819E-002 ,   9.8982370040097037E-002
   1.7848579647032233E-002 ,   1.7347234759768071E-017 ,   1.4224029906722091E-002 ,   9.8567158662230134E-002
   1.8277969262895592E-002 ,  -8.6736173798840355E-018 ,   1.2953646936080782E-002 ,   9.8204540748952504E-002
   1.8717536630680973E-002 ,   8.6736173798840355E-018 ,   1.1744373926691389E-002 ,   9.7919985600028250E-002
   1.9158893139933665E-002 ,  -2.7755575615628914E-017 ,   1.0601745510574748E-002 ,   9.7679144771486093E-002
   1.9593552129043335E-002 ,   2.4286128663675299E-017 ,   9.5311071339764779E-003 ,   9.7465426826906398E-002
   2.0013320512991588E-002 ,   1.5612511283791264E-017 ,   8.5375944899427018E-003 ,   9.7277255319350941E-002
   2.0410632374919687E-002 ,  -1.0408340855860843E-017 ,   7.6260806044960031E-003 ,   9.7122560823812348E-002
   2.0778810254020938E-002 ,   2.7755575615628914E-017 ,   6.8010891516850705E-003 ,   9.7009524681214168E-002
   2.1112247213323380E-002 ,   2.9490299091605721E-017 ,   6.0666783984351883E-003 ,   9.6944588823921207E-002
   2.1406510141638885E-002 ,  -1.5612511283791264E-017 ,   5.4263052744563996E-003 ,   9.6922604070717983E-002
   2.1658371450458971E-002 ,   2.4286128663675299E-017 ,   4.8826829069948934E-003 ,   9.6940174252355057E-002
   2.1865781697685528E-002 ,  -6.9388939039072284E-018 ,   4.4376472344891636E-003 ,   9.6999914767702811E-002
   2.2027799131010627E-002 ,   1.3877787807814457E-017 ,   4.0920488320538104E-003 ,   9.7090829829953013E-002
   2.2144493337327938E-002 ,   8.6736173798840355E-018 ,   3.8456847694136671E-003 ,   9.7209847961283555E-002
   2.2216839077404751E-002 ,   1.7347234759768071E-018 ,   3.6972822363862657E-003 ,   9.7342389407282653E-002
   2.2246613303394620E-002 ,  -6.9388939039072284E-018 ,   3.6445410481242449E-003 ,   9.7486424715011316E-002
   2.2236303932509065E-002 ,   1.7347234759768071E-018 ,   3.6842364136881064E-003 ,   9.7634722957723047E-002
   2.2189033998473939E-002 ,   3.4694469519536142E-018 ,   3.8123771183666746E-003 ,   9.7782629471906149E-002
   2.2108500169049257E-002 ,   2.6020852139652106E-017 ,   4.0244082473765985E-003 ,   9.7929362828965721E-002
   2.1998921028283235E-002 ,  -5.2041704279304213E-018 ,   4.3154425145229842E-003 ,   9.8068043313318962E-002
   2.1864988455344708E-002 ,   2.0816681711721685E-017 ,   4.6805008339500225E-003 ,   9.8205972437630989E-002
   2.1711815041304754E-002 ,   1.2143064331837650E-017 ,   5.1147414874052393E-003 ,   9.8341654087423847E-002
   2.1544871587690931E-002 ,  -1.5612511283791264E-017 ,   5.6136583106114061E-003 ,   9.8458659829908451E-002
   2.1369910869981822E-002 ,  -8.6736173798840355E-018 ,   6.1732316204241100E-003 ,   9.8552625345199485E-002
   2.1192876421911627E-002 ,  -8.6736173798840355E-018 ,   6.7900206647388229E-003 ,   9.8620652422618596E-002
   2.1019797501734237E-002 ,   8.6736173798840355E-018 ,   7.4611924859416560E-003 ,   9.8662592266063873E-002
   2.0856673174831787E-002 ,  -6.9388939039072284E-018 ,   8.1844884259435723E-003 ,   9.8686277125003552E-002
   2.0709349345379803E-002 ,  -6.9388939039072284E-018 ,   8.9581352921169963E-003 ,   9.8691245517798870E-002
   2.0583392597081696E-002 ,  -1.3877787807814457E-017 ,   9.7807128474528410E-003 ,   9.8672006674978330E-002
   2.0483964079020093E-002 ,   6.9388939039072284E-018 ,   1.0650992423768340E-002 ,   9.8636573282557719E-002
   2.0415695760818923E-002 ,   2.6020852139652106E-017 ,   1.1567762969982395E-002 ,   9.8586160287152710E-002
   2.0382570593375112E-002 ,   2.6020852139652106E-017 ,   1.2529660830840249E-002 ,   9.8526777631903928E-002
   2.0387807807807350E-002 ,  -1.2143064331837650E-017 ,   1.3535018231808891E-002 ,   9.8460431417007638E-002
   2.0433754986554146E-002 ,   5.2041704279304213E-018 ,   1.4581743114422259E-002 ,   9.8387983435710591E-002
   2.0521789664513818E-002 ,  -1.3877787807814457E-017 ,   1.5667239923107930E-002 ,   9.8311633435996859E-002
   2.0652234854429696E-002 ,  -1.3877787807814457E-017 ,   1.6788377464573553E-002 ,   9.8238067038812146E-002
   2.0824294622429115E-002 ,   3.4694469519536142E-018 ,   1.7941506286162773E-002 ,   9.8174233677473258E-002
   2.1036017115553467E-002 ,   5.2041704279304213E-018 ,   1.9122524363719119E-002 ,   9.8130818154013241E-002
   2.1284292695578886E-002 ,   6.9388939039072284E-018 ,   2.0326986448010731E-002 ,   9.8118937317234201E-002
   2.1564893622622823E-002 ,   1.9949319973733282E-017 ,   2.1550249375471824E-002 ,   9.8137861303045887E-002
   2.1872558885898598E-002 ,  -1.3877787807814457E-017 ,   2.2787643175159415E-002 ,   9.8198634454004050E-002
   2.2201123490230752E-002 ,  -9.5409791178724390E-018 ,   2.4034656050325509E-002 ,   9.8303453758364689E-002
   2.2543686352364548E-002 ,  -7.8062556418956319E-018 ,   2.5287120396530478E-002 ,   9.8448685500249461E-002
   2.2892805823426982E-002 ,   9.5409791178724390E-018 ,   2.6541387002499302E-002 ,   9.8637154974311386E-002
   2.3240707752325913E-002 ,  -1.3877787807814457E-017 ,   2.7794475447233340E-002 ,   9.8869093610333428E-002
   2.3579488868544083E-002 ,  -7.8062556418956319E-018 ,   2.9044190323071324E-002 ,   9.9133366759983438E-002
   2.3901298704769397E-002 ,   3.4694469519536142E-018 ,   3.0289194979969666E-002 ,   9.9432473378958414E-002
   2.4198486435365700E-002 ,   9.1072982488782372E-018 ,   3.1529036497632126E-002 ,   9.9749224375270645E-002
   2.4463704487490225E-002 ,  -6.9388939039072284E-018 ,   3.2764116833336743E-002 ,  0.10007284409806080     
   2.4689967765425563E-002 ,  -7.3725747729014302E-018 ,   3.3995604706901258E-002 ,  0.10041565482930895     
   2.4870674760116951E-002 ,   1.1275702593849246E-017 ,   3.5225279979746213E-002 ,  0.10076302108246696     
   2.4999603651368968E-002 ,   1.0842021724855044E-017 ,   3.6455296734044310E-002 ,  0.10108875389922428     
   2.5070901909907378E-002 ,   1.7347234759768071E-017 ,   3.7687843694198989E-002 ,  0.10138748047040802     
   2.5079091286863555E-002 ,  -1.1709383462843448E-017 ,   3.8924673550154755E-002 ,  0.10167560832862059     
   2.5019110988879580E-002 ,   1.5178830414797062E-017 ,   4.0166470919536464E-002 ,  0.10194753512887403     
   2.4886419724372690E-002 ,   2.6020852139652106E-018 ,   4.1412039052000985E-002 ,  0.10219961950495227     
   2.4677171327172297E-002 ,  -8.4567769453869346E-018 ,   4.2657315620132447E-002 ,  0.10241746279373373     
   2.4388467775870316E-002 ,   1.0842021724855044E-018 ,   4.3894283414729146E-002 ,  0.10261003363326229     
   2.4018676957309873E-002 ,  -1.1926223897340549E-017 ,   4.5109920849667071E-002 ,  0.10275304961777788     
   2.3567781229107923E-002 ,   2.4502969098172400E-017 ,   4.6285426251603506E-002 ,  0.10286702039108254     
   2.3037700132956709E-002 ,   1.6154612370034016E-017 ,   4.7396020490246084E-002 ,  0.10291946895696573     
   2.2432513157302044E-002 ,  -5.5294310796760726E-018 ,   4.8411644403494318E-002 ,  0.10292042928692476     
   2.1758505071835070E-002 ,  -4.0115480381963664E-018 ,   4.9298781055807081E-002 ,  0.10284022241589448     
   2.1023974728347002E-002 ,   1.8648277366750676E-017 ,   5.0023429901454919E-002 ,  0.10263961133435209     
   2.0238790093970539E-002 ,  -6.9388939039072284E-018 ,   5.0554965370122891E-002 ,  0.10228760099665272     
   1.9413729774455088E-002 ,   6.2341624917916505E-018 ,   5.0870303216359346E-002 ,  0.10178339161801889     
   1.8559707312695760E-002 ,  -1.2359904766334751E-017 ,   5.0957585865100963E-002 ,  0.10109878710387782     
   1.7687008759614362E-002 ,  -1.6737371037744975E-018 ,   5.0818585183312184E-002 ,  0.10023367065845555     
   1.6804672103494542E-002 ,  -1.6127507315721878E-018 ,   5.0469247583516036E-002 ,   9.9200533980113817E-002
   1.5920098457644569E-002 ,   1.3823577699190182E-018 ,   4.9938218891959665E-002 ,   9.8031456234122349E-002
   1.5038923521565257E-002 ,   1.4338573731120796E-017 ,   4.9263652746901601E-002 ,   9.6760786350314140E-002
   1.4165116043749679E-002 ,   5.8004816227974487E-018 ,   4.8488971587642642E-002 ,   9.5419318115887983E-002
   1.3301227957219601E-002 ,   6.8846837952829532E-018 ,   4.7658404497779458E-002 ,   9.4055602960909535E-002
   1.2448708177275489E-002 ,   7.6436253160228063E-018 ,   4.6813050302875865E-002 ,   9.2725246024691413E-002
   1.1608205776040223E-002 ,   1.6913553890773869E-017 ,   4.5987970543748306E-002 ,   9.1504052150009299E-002
   1.0779816846696138E-002 ,   1.1926223897340549E-018 ,   4.5210511398842759E-002 ,   9.0488356974433345E-002
   9.9632595698570525E-003 ,   5.0957502106818708E-018 ,   4.4499785176557158E-002 ,   8.9589573897651861E-002
   9.1579843816187306E-003 ,   1.6263032587282567E-018 ,   4.3867068867373668E-002 ,   8.8759909414983879E-002
   8.3632373314422824E-003 ,  -6.8304736866586779E-018 ,   4.3316810351575349E-002 ,   8.7956451290390078E-002
   7.5780963027421815E-003 ,   1.3010426069826053E-018 ,   4.2847949270529741E-002 ,   8.7147807013816941E-002
   6.8014957097530778E-003 ,   8.6736173798840355E-018 ,   4.2455322835202230E-002 ,   8.6333697423421160E-002
   6.0322494467215729E-003 ,  -4.7704895589362195E-018 ,   4.2131003498788649E-002 ,   8.5508420896158524E-002
   5.2690766837187736E-003 ,   2.3852447794681098E-018 ,   4.1865483348754680E-002 ,   8.4650846741150795E-002
   4.5106314490453063E-003 ,   8.6736173798840355E-019 ,   4.1648669542365124E-002 ,   8.3763088564767885E-002
   3.7555347083526934E-003 ,   0.0000000000000000      ,   4.1470685546002709E-002 ,   8.2828075986119173E-002
   3.0024064464372695E-003 ,  -7.5894152073985310E-018 ,   4.1322488609470007E-002 ,   8.1853288215377698E-002
   2.2498947521642169E-003 ,   1.8431436932253575E-017 ,   4.1196320464319973E-002 ,   8.0835462136678915E-002
   1.4966988714806343E-003 ,   5.6378512969246231E-018 ,   4.1086010683726235E-002 ,   7.9766414082296677E-002
   7.4158339695528568E-004 ,   1.7347234759768071E-018 ,   4.0987153877905400E-002 ,   7.8653440689188003E-002
  -1.6619065263568744E-005 ,   0.0000000000000000      ,   4.0897184405555752E-002 ,   7.7521490168875551E-002
  -7.7901951407607982E-004 ,  -1.0408340855860843E-017 ,   4.0815375292684822E-002 ,   7.6385080087875035E-002
  -1.5467017089476256E-003 ,   1.3010426069826053E-018 ,   4.0742790113550066E-002 ,   7.5238918606970920E-002
  -2.3207728240353309E-003 ,  -1.6479873021779667E-017 ,   4.0682215782109316E-002 ,   7.4092836524237343E-002
  -3.1024399311656513E-003 ,   5.6378512969246231E-018 ,   4.0638098763057781E-002 ,   7.2953243940532320E-002
  -3.8931156596876842E-003 ,  -2.6020852139652106E-018 ,   4.0616496048918344E-002 ,   7.1838826549451520E-002
  -4.6945527732265274E-003 ,  -1.5178830414797062E-018 ,   4.0625035486176929E-002 ,   7.0782927949667229E-002
  -5.5090000918961955E-003 ,  -4.3368086899420177E-019 ,   4.0672859584993240E-002 ,   6.9805975447379653E-002
  -6.3393609502298120E-003 ,  -6.2883726004159257E-018 ,   4.0770506885858940E-002 ,   6.8932970693847143E-002
  -7.1893214696406764E-003 ,   1.6479873021779667E-017 ,   4.0929671255843542E-002 ,   6.8227475624010755E-002
  -8.0634023726475542E-003 ,   2.6888213877640510E-017 ,   4.1162778818556491E-002 ,   6.7712541088049444E-002
  -8.9668794324360077E-003 ,   8.2399365108898337E-018 ,   4.1482339837853925E-002 ,   6.7389524446593810E-002
  -9.9055191080393273E-003 ,   9.1072982488782372E-018 ,   4.1900070065012493E-002 ,   6.7249061753336267E-002
  -1.0885091790161571E-002 ,   5.2041704279304213E-018 ,   4.2425828139793773E-002 ,   6.7286630468881281E-002
  -1.1910657166034188E-002 ,   1.7347234759768071E-018 ,   4.3066471620452601E-002 ,   6.7522445083039839E-002
  -1.2985662273043876E-002 ,  -1.3010426069826053E-018 ,   4.3824778910612802E-002 ,   6.7963134381063661E-002
  -1.4110945798788996E-002 ,   1.5178830414797062E-018 ,   4.4698602713583474E-002 ,   6.8592719180883929E-002
  -1.5283790562441130E-002 ,  -1.2143064331837650E-017 ,   4.5680403145714379E-002 ,   6.9410577572084700E-002
  -1.6497195694957445E-002 ,  -3.0357660829594124E-018 ,   4.6757255524640065E-002 ,   7.0412837749437227E-002
  -1.7739537463378564E-002 ,   9.7578195523695399E-018 ,   4.7911350311359291E-002 ,   7.1582189420113906E-002
  -1.8994745078046514E-002 ,   5.2041704279304213E-018 ,   4.9120919977302238E-002 ,   7.2921429252963715E-002
  -2.0243037312300694E-002 ,  -3.0357660829594124E-018 ,   5.0361460762144823E-002 ,   7.4378110656235188E-002
  -2.1462161810476454E-002 ,   0.0000000000000000      ,   5.1607082070574468E-002 ,   7.5941425400148949E-002
  -2.2628976431336732E-002 ,   1.3010426069826053E-017 ,   5.2831817782727150E-002 ,   7.7563771545823362E-002
  -2.3721139374376893E-002 ,  -1.0842021724855044E-018 ,   5.4010765840301359E-002 ,   7.9169212138971351E-002
  -2.4718654455095305E-002 ,  -1.0842021724855044E-018 ,   5.5120971326909331E-002 ,   8.0705304521335994E-002
  -2.5605056863702770E-002 ,  -6.9388939039072284E-018 ,   5.6142018760751658E-002 ,   8.2131755057099659E-002
  -2.6368111366149052E-002 ,  -1.2576745200831851E-017 ,   5.7056340673580695E-002 ,   8.3422223524813863E-002
  -2.7000002525916254E-002 ,   1.0842021724855044E-017 ,   5.7849277876273600E-002 ,   8.4555869915944409E-002
  -2.7497093431975227E-002 ,  -1.0516761073109393E-017 ,   5.8508944022031446E-002 ,   8.5520210872385816E-002
  -2.7859390277003973E-002 ,   1.4853569763051411E-017 ,   5.9025957584725619E-002 ,   8.6307457003780078E-002
  -2.8089863839384999E-002 ,   4.8789097761847700E-018 ,   5.9393111860533712E-002 ,   8.6910838612744054E-002
  -2.8193750232421405E-002 ,  -6.5052130349130266E-018 ,   5.9605059406523830E-002 ,   8.7333607588907500E-002
  -2.8177898962467425E-002 ,   4.6620693416876691E-018 ,   5.9658090276796159E-002 ,   8.7574141383305604E-002
  -2.8050178862978233E-002 ,   2.3852447794681098E-018 ,   5.9550080016897551E-002 ,   8.7638350139990218E-002
  -2.7818913811080485E-002 ,   4.3368086899420177E-019 ,   5.9280667679675714E-002 ,   8.7520223364238162E-002
  -2.7492316047688693E-002 ,   1.1980434005964824E-017 ,   5.8851688229670393E-002 ,   8.7219928071458064E-002
  -2.7077919015200555E-002 ,   8.3348042009823153E-018 ,   5.8267821053011211E-002 ,   8.6750741034857207E-002
  -2.6582070226265034E-002 ,  -1.7347234759768071E-018 ,   5.7537328538689231E-002 ,   8.6115740092890469E-002
  -2.6009597438867427E-002 ,  -7.6436253160228063E-018 ,   5.6672663006954234E-002 ,   8.5335640304577701E-002
  -2.5363773011913483E-002 ,  -1.1384122811097797E-017 ,   5.5690650754881665E-002 ,   8.4423466789140145E-002
  -2.4646652210823072E-002 ,  -1.5504091066542713E-017 ,   5.4611960919373190E-002 ,   8.3401073891805205E-002
  -2.3859764372243755E-002 ,  -1.3010426069826053E-018 ,   5.3459667225980716E-002 ,   8.2294494230628193E-002
  -2.3005033810828912E-002 ,  -1.1926223897340549E-018 ,   5.2256916412155040E-002 ,   8.1144794253619812E-002
  -2.2085748010575085E-002 ,   1.7347234759768071E-018 ,   5.1023987533443407E-002 ,   7.9990743406288034E-002
  -2.1107397833333451E-002 ,  -1.4094628242311558E-018 ,   4.9775275463825458E-002 ,   7.8875019566188365E-002
  -2.0078275061231127E-002 ,   3.0357660829594124E-018 ,   4.8516855894816552E-002 ,   7.7822015371753067E-002
  -1.9009787035839207E-002 ,  -3.0357660829594124E-018 ,   4.7245220976220088E-002 ,   7.6842151437109138E-002
  -1.7916495074073262E-002 ,   8.6736173798840355E-019 ,   4.5947530982880555E-002 ,   7.5915524667113321E-002
  -1.6815882844737666E-002 ,   4.1199682554449168E-018 ,   4.4603403031326795E-002 ,   7.5025005286400548E-002
  -1.5727825660103056E-002 ,   6.0715321659188248E-018 ,   4.3187966694352695E-002 ,   7.4140616438580997E-002
  -1.4673700410933676E-002 ,   2.6020852139652106E-018 ,   4.1675726942176514E-002 ,   7.3201029698569078E-002
  -1.3675091272130997E-002 ,  -6.0715321659188248E-018 ,   4.0044692568754842E-002 ,   7.2203929022633007E-002
  -1.2752127903765767E-002 ,   6.9388939039072284E-018 ,   3.8280224436544927E-002 ,   7.1148245550083672E-002
  -1.1921621191903093E-002 ,   6.9388939039072284E-018 ,   3.6378107709467047E-002 ,   7.0036422488463645E-002
  -1.1195283374635948E-002 ,  -8.6736173798840355E-019 ,   3.4346449796264986E-002 ,   6.8926078674749813E-002
  -1.0578372463971147E-002 ,   5.2041704279304213E-018 ,   3.2206153776481970E-002 ,   6.7965277597692525E-002
  -1.0069045991908844E-002 ,  -4.3368086899420177E-019 ,   2.9989909290225627E-002 ,   6.7213521148530159E-002
  -9.6585530990800847E-003 ,   3.0357660829594124E-018 ,   2.7739853948620878E-002 ,   6.6591248039050546E-002
  -9.3321910070495503E-003 ,   7.8062556418956319E-018 ,   2.5504247157837039E-002 ,   6.6054582646343785E-002
  -9.0707801809967424E-003 ,   8.6736173798840355E-018 ,   2.3333620692481082E-002 ,   6.5606310183678143E-002
  -8.8523368433802187E-003 ,   6.0715321659188248E-018 ,   2.1276895540437976E-002 ,   6.5247841160579051E-002
  -8.6536617467292305E-003 ,  -3.4694469519536142E-018 ,   1.9377879200648897E-002 ,   6.4940845502689040E-002
  -8.4516868891935989E-003 ,   8.6736173798840355E-019 ,   1.7672412842076605E-002 ,   6.4658128953448135E-002
  -8.2245604643548641E-003 ,   0.0000000000000000      ,   1.6186281568622826E-002 ,   6.4341748576103197E-002
  -7.9525406844502440E-003 ,   8.6736173798840355E-019 ,   1.4933893298542732E-002 ,   6.3962071910725116E-002
  -7.6187809221220449E-003 ,   0.0000000000000000      ,   1.3917700637495020E-002 ,   6.3512517248350525E-002
  -7.2100353230128301E-003 ,   0.0000000000000000      ,   1.3128364036825838E-002 ,   6.2975442869459386E-002
  -6.7172392724553038E-003 ,  -2.6020852139652106E-018 ,   1.2545677929325323E-002 ,   6.2314001275238971E-002
  -6.1358710903864659E-003 ,   1.7347234759768071E-018 ,   1.2140256229254763E-002 ,   6.1525152484558671E-002
  -5.4660101937760277E-003 ,   0.0000000000000000      ,   1.1875893749984743E-002 ,   6.0638925378084699E-002
  -4.7120734927642242E-003 ,   1.0408340855860843E-017 ,   1.1712423388193546E-002 ,   5.9753933424166086E-002
  -3.8823082220855168E-003 ,  -6.9388939039072284E-018 ,   1.1608824440311943E-002 ,   5.8923943535050295E-002
  -2.9881988070258065E-003 ,  -8.6736173798840355E-018 ,   1.1526327544774079E-002 ,   5.8066558313125100E-002
  -2.0439577465357519E-003 ,   1.2143064331837650E-017 ,   1.1431288136660372E-002 ,   5.7151919053640539E-002
  -1.0661861209520112E-003 ,   8.6736173798840355E-018 ,   1.1297623681725159E-002 ,   5.6168495066695877E-002
  -7.3624308340714505E-005 ,   5.2041704279304213E-018 ,   1.1108606501252468E-002 ,   5.5123816168180233E-002
   9.1325814667844252E-004 ,   5.2041704279304213E-018 ,   1.0857788139962644E-002 ,   5.4024076298231749E-002
   1.8731525912935145E-003 ,  -8.6736173798840355E-018 ,   1.0548845700031648E-002 ,   5.2874452927682392E-002
   2.7854783766121469E-003 ,  -1.0408340855860843E-017 ,   1.0194221951756215E-002 ,   5.1694960425030155E-002
   3.6325203715511672E-003 ,   8.6736173798840355E-018 ,   9.8125820349707800E-003 ,   5.0523205396903526E-002
   4.4016758346932493E-003 ,  -1.7347234759768071E-018 ,   9.4253046077253985E-003 ,   4.9417630536516280E-002
   5.0871453333359148E-003 ,   1.7347234759768071E-018 ,   9.0524400335399262E-003 ,   4.8420903269085366E-002
   5.6904985507447731E-003 ,   1.0408340855860843E-017 ,   8.7087887805294330E-003 ,   4.7580533885638598E-002
   6.2199322318260211E-003 ,  -1.7347234759768071E-018 ,   8.4009377271646313E-003 ,   4.6950909447378265E-002
   6.6885290867917096E-003 ,   0.0000000000000000      ,   8.1261263326278376E-003 ,   4.6530718356841722E-002
   7.1121673426365944E-003 ,   1.7347234759768071E-018 ,   7.8735478158177604E-003 ,   4.6269245384300703E-002
   7.5077504015720184E-003 ,   1.7347234759768071E-018 ,   7.6280710798773575E-003 ,   4.6075947006382179E-002
   7.8921386901596689E-003 ,   6.9388939039072284E-018 ,   7.3755696921712554E-003 ,   4.5900134460949885E-002
   8.2817447695463040E-003 ,  -3.4694469519536142E-018 ,   7.1084230749745517E-003 ,   4.5694482820470547E-002
   8.6924111961658428E-003 ,   4.3368086899420177E-018 ,   6.8296381098259962E-003 ,   4.5440960294731117E-002
   9.1390609859811119E-003 ,   7.8062556418956319E-018 ,   6.5544910359870076E-003 ,   4.5143612518924320E-002
   9.6347033419851482E-003 ,   6.0715321659188248E-018 ,   6.3093692261222871E-003 ,   4.4820346096678711E-002
   1.0188620730682553E-002 ,  -1.0408340855860843E-017 ,   6.1282293992096365E-003 ,   4.4514916965184059E-002
   1.0803864798038727E-002 ,  -6.0715321659188248E-018 ,   6.0475227836501036E-003 ,   4.4249334606827243E-002
   1.1474465117028588E-002 ,   6.0715321659188248E-018 ,   6.1005372031046881E-003 ,   4.4037801473396553E-002
   1.2182936168521884E-002 ,  -6.0715321659188248E-018 ,   6.3120052544567307E-003 ,   4.3892887544948245E-002
   1.2898706572345214E-002 ,  -1.7347234759768071E-018 ,   6.6936794567454133E-003 ,   4.3815569209667109E-002
   1.3577987244079222E-002 ,  -6.0715321659188248E-018 ,   7.2414524575093600E-003 ,   4.3794831309457050E-002
   1.4165388564960992E-002 ,   4.3368086899420177E-018 ,   7.9344925663856654E-003 ,   4.3802910076801732E-002
   1.4597360294047745E-002 ,   1.0408340855860843E-017 ,   8.7367288202855296E-003 ,   4.3790714726355547E-002
   1.4807311864967527E-002 ,  -6.9388939039072284E-018 ,   9.6008244000086104E-003 ,   4.3674219469629016E-002
   1.4732078144147179E-002 ,  -8.6736173798840355E-019 ,   1.0474503268327757E-002 ,   4.3381590030075169E-002
   1.4319192751661715E-002 ,   4.3368086899420177E-019 ,   1.1308701243294732E-002 ,   4.2853671394799203E-002
   1.3534189430907166E-002 ,   1.3010426069826053E-018 ,   1.2066440018059805E-002 ,   4.2068073829333925E-002
   1.2366890802239992E-002 ,   6.9388939039072284E-018 ,   1.2730599102603452E-002 ,   4.1046707377290423E-002
   1.0835441982366949E-002 ,  -6.9388939039072284E-018 ,   1.3308167824076868E-002 ,   3.9861050490885015E-002
   8.9868386454702888E-003 ,  -3.0357660829594124E-018 ,   1.3828676313895781E-002 ,   3.8612069219060852E-002
   6.8930638185938486E-003 ,  -2.6020852139652106E-018 ,   1.4335911216471708E-002 ,   3.7377891865212766E-002
   4.6428265861125804E-003 ,   6.0715321659188248E-018 ,   1.4874670381534279E-002 ,   3.6225984230852798E-002
   2.3301915650826496E-003 ,   1.1058862159352145E-017 ,   1.5477046826387687E-002 ,   3.5254377270601440E-002
   4.2596398857870936E-005 ,   1.5178830414797062E-018 ,   1.6153712037539791E-002 ,   3.4626210018139612E-002
  -2.1488526135648610E-003 ,  -5.8546917314217239E-018 ,   1.6893758929494948E-002 ,   3.4459808297710157E-002
  -4.1947262858498830E-003 ,   5.2041704279304213E-018 ,   1.7672673683299844E-002 ,   3.4732223000953785E-002
  -6.0678078396414047E-003 ,   6.5052130349130266E-018 ,   1.8464333437192570E-002 ,   3.5260878100201488E-002
  -7.7599006205212569E-003 ,  -8.6736173798840355E-019 ,   1.9251730770251430E-002 ,   3.5925429058821942E-002
  -9.2767082083918245E-003 ,  -5.8546917314217239E-018 ,   2.0032727089844524E-002 ,   3.6626976285400563E-002
  -1.0632412864765147E-002 ,  -3.6862873864507151E-018 ,   2.0820088925812618E-002 ,   3.7337361559859492E-002
  -1.1844930884887054E-002 ,   1.2793585635328952E-017 ,   2.1637518506573843E-002 ,   3.8051518661245440E-002
  -1.2932163552109837E-002 ,   5.0957502106818708E-018 ,   2.2514352073153322E-002 ,   3.8796157420306732E-002
  -1.3909127637065841E-002 ,   3.2526065174565133E-018 ,   2.3481160416652727E-002 ,   3.9595101120282354E-002
  -1.4785671728981344E-002 ,   3.2526065174565133E-019 ,   2.4567323702969754E-002 ,   4.0431344590234605E-002
  -1.5564512518683420E-002 ,  -4.2283884726934673E-018 ,   2.5800426408012670E-002 ,   4.1313544725015174E-002
  -1.6239494872014582E-002 ,  -1.6263032587282567E-018 ,   2.7206375072884273E-002 ,   4.2256076331830227E-002
  -1.6794216592240584E-002 ,  -4.0115480381963664E-018 ,   2.8808535973792185E-002 ,   4.3270549790908650E-002
  -1.7201364040609013E-002 ,   5.4210108624275222E-019 ,   3.0623913437254298E-002 ,   4.4363924617306261E-002
  -1.7423188352288236E-002 ,  -6.5052130349130266E-019 ,   3.2654716014223276E-002 ,   4.5533476479309887E-002
  -1.7413520824230890E-002 ,   2.3852447794681098E-018 ,   3.4875281869478844E-002 ,   4.6755506972664999E-002
  -1.7121714433480699E-002 ,  -2.3852447794681098E-018 ,   3.7217716765042055E-002 ,   4.7978594118476166E-002
  -1.6498982837002889E-002 ,  -4.0115480381963664E-018 ,   3.9563551796352174E-002 ,   4.9121450587031594E-002
  -1.5507495899240680E-002 ,  -9.9204498782423656E-018 ,   4.1749935196789892E-002 ,   5.0075892707754227E-002
  -1.4131666589828338E-002 ,  -8.1315162936412833E-019 ,   4.3594248517953689E-002 ,   5.0723995297904251E-002
  -1.2389122921886819E-002 ,   7.2099444470286045E-018 ,   4.4931607677217614E-002 ,   5.0966403337395744E-002
  -1.0336912973365715E-002 ,  -2.9815559743351372E-018 ,   4.5651351978364035E-002 ,   5.0748570688648173E-002
  -8.0684820540001759E-003 ,  -5.4210108624275222E-020 ,   4.5717633304317717E-002 ,   5.0073413840264362E-002
  -5.7001362976557583E-003 ,   2.7105054312137611E-018 ,   4.5166903649413642E-002 ,   4.8994372619409844E-002
  -3.3509657942823383E-003 ,   1.1384122811097797E-018 ,   4.4086683520502531E-002 ,   4.7596039885276206E-002
  -1.1241372852611930E-003 ,  -1.0299920638612292E-018 ,   4.2588072237985199E-002 ,   4.5970538706828872E-002
   9.0325218126746209E-004 ,   2.6020852139652106E-018 ,   4.0784071516329547E-002 ,   4.4201957696002436E-002
   2.6799975209647973E-003 ,  -3.9302328752599536E-018 ,   3.8778161588425474E-002 ,   4.2357649335145832E-002
   4.1746350322443993E-003 ,   3.8082601308553343E-018 ,   3.6659423891793559E-002 ,   4.0485189751222679E-002
   5.3696997168967793E-003 ,   2.4394548880923850E-018 ,   3.4498219976948102E-002 ,   3.8610215880226853E-002
   6.2597040887074845E-003 ,   8.4025668367626594E-019 ,   3.2340307515930998E-002 ,   3.6732573279555585E-002
   6.8514629633984791E-003 ,  -8.1315162936412833E-019 ,   3.0202228514493633E-002 ,   3.4826072918461237E-002
   7.1632843239254331E-003 ,   1.5280474368467578E-018 ,   2.8072256569736664E-002 ,   3.2853499512444595E-002
   7.2211377906415642E-003 ,   1.5619287547369298E-018 ,   2.5918940176184926E-002 ,   3.0775577229659280E-002
   7.0530776777519132E-003 ,  -8.1315162936412833E-019 ,   2.3705968586448325E-002 ,   2.8565534621132108E-002
   6.6852014023341053E-003 ,  -6.3527471044072525E-019 ,   2.1409588127471867E-002 ,   2.6211062007462111E-002
   6.1419956058568412E-003 ,   1.1722935989999517E-018 ,   1.9033224625391431E-002 ,   2.3730473598675056E-002
   5.4514066675332264E-003 ,  -5.9377009602526454E-019 ,   1.6613564972488878E-002 ,   2.1169059177810302E-002
   4.6517045339845731E-003 ,   1.0842021724855044E-018 ,   1.4214577043329159E-002 ,   1.8597690003047326E-002
   3.7951461278844670E-003 ,  -3.1763735522036263E-020 ,   1.1911377745012603E-002 ,   1.6098962695172841E-002
   2.9444162752654767E-003 ,   6.7762635780344027E-021 ,   9.7715742182248565E-003 ,   1.3757799493266634E-002
   2.1618928478740569E-003 ,  -2.8587361969832636E-019 ,   7.8428603743207707E-003 ,   1.1644067689997636E-002
   1.4963703367896185E-003 ,   6.4692141346547188E-020 ,   6.1507347902233578E-003 ,   9.8061867355758500E-003
   9.7356128345973860E-004 ,  -2.7475631226561367E-019 ,   4.7033965704840648E-003 ,   8.2697968162035226E-003
   5.9433037550410146E-004 ,  -1.1329065669526267E-019 ,   3.4978306627498992E-003 ,   7.0384001318969797E-003
   3.4026370738695808E-004 ,   5.4210108624275222E-020 ,   2.5232024367174287E-003 ,   6.1050682048340386E-003
   1.8294965290006996E-004 ,  -3.0254958084739540E-020 ,   1.7616334217538084E-003 ,   5.4764840167282492E-003
   9.2811563397882888E-005 ,   1.3036366453835716E-020 ,   1.1885429982713325E-003 ,   5.1644455067592710E-003
   4.4898806991035353E-005 ,  -2.1698601828491022E-020 ,   7.7423391389028109E-004 ,   4.9820474701781428E-003
   2.1145032544571715E-005 ,   3.3219573400129591E-020 ,   4.8681650341700860E-004 ,   4.8091517450289997E-003
   1.0030085172016201E-005 ,   1.9951596374779028E-021 ,   2.9550688667170108E-004 ,   4.6177775390893808E-003
   4.9977209212841529E-006 ,  -3.9770843851549571E-021 ,   1.7325745890012904E-004 ,   4.4088314715694053E-003
   2.6918794637905589E-006 ,   4.3426982159033953E-022 ,   9.8186517628153798E-005 ,   4.1887226774226152E-003
   1.5577400320263149E-006 ,  -1.1861769984010417E-021 ,   5.3832984767762062E-005 ,   3.9661439350921193E-003
   9.3616041923322515E-007 ,  -5.4354038050859449E-021 ,   2.8588469655679576E-005 ,   3.7463295391384314E-003
   5.6337819316427787E-007 ,  -5.9490829654813750E-021 ,   1.4728673535310785E-005 ,   3.5330506965064101E-003
   3.3136984440883691E-007 ,   6.7665442058369046E-021 ,   7.3783898895210748E-006 ,   3.3286870914249222E-003
   1.8831996287608486E-007 ,  -1.7447307070274736E-021 ,   3.6068318055439167E-006 ,   3.1343887119886053E-003
   1.0314275599546332E-007 ,  -1.3309336055978215E-021 ,   1.7302922169171765E-006 ,   2.9505294805003937E-003
   5.4637209391741500E-008 ,   2.2375235569559399E-021 ,   8.2198342070458511E-007 ,   2.7769455123554617E-003
   2.8244103794799355E-008 ,   1.3400325923359048E-021 ,   3.9205326647102598E-007 ,   2.6132144960666886E-003
   1.4470140451641039E-008 ,   4.0759324683550439E-022 ,   1.9139878738274632E-007 ,   2.4588893766235732E-003
   7.5293228478003682E-009 ,   7.6927796967431574E-023 ,   9.7876053236989895E-008 ,   2.3134123813174398E-003
   4.1211983356131542E-009 ,  -3.6685460166726777E-022 ,   5.3560970241413670E-008 ,   2.1762071658621347E-003
   2.4713726403382657E-009 ,   1.0321146093130403E-021 ,   3.1756454342588447E-008 ,   2.0467710295532034E-003
   1.6723744849159513E-009 ,  -3.3149263048062584E-022 ,   2.0403810784989148E-008 ,   1.9246422157092862E-003
   1.2779014005774036E-009 ,  -1.6717320179696689E-021 ,   1.4090831815908529E-008 ,   1.8093938670148951E-003
   1.0742503396004060E-009 ,   5.1698788284564230E-023 ,   1.0352750557374910E-008 ,   1.7006315537673325E-003
   9.6047373741104980E-010 ,   1.8145240712116353E-021 ,   8.0201764835823939E-009 ,   1.5979913095324370E-003
   8.8898050274803391E-010 ,  -5.2681065261970950E-022 ,   6.5012755289905769E-009 ,   1.5011366241934690E-003
   8.3724040488512378E-010 ,   5.4873093885236473E-022 ,   5.4736712083830662E-009 ,   1.4097516403252237E-003
   7.9457734434851061E-010 ,   6.1945488122564860E-022 ,   4.7503609261364146E-009 ,   1.3235340825918250E-003
   7.5600342535326126E-010 ,   6.7394540407757930E-022 ,   4.2183406794855514E-009 ,   1.2421700681847106E-003
   7.1928909805863639E-010 ,   6.4375331171939379E-022 ,   3.8079946802315423E-009 ,   1.1653764932124235E-003
   6.8353576001122477E-010 ,   4.4212803740959329E-022 ,   3.4762556215388319E-009 ,   1.0928975521763346E-003
   6.4846700691019333E-010 ,   1.2917459240781218E-021 ,   3.1965790303346195E-009 ,   1.0244963591926404E-003
   6.1407621397867018E-010 ,   2.5022213529729087E-023 ,   2.9527004512596357E-009 ,   9.5995204281771793E-004
   5.8045547230272179E-010 ,   4.1017818624973260E-022 ,   2.7346887611096537E-009 ,   8.9905799458868396E-004
   5.4771722538856726E-010 ,   6.5657461121396572E-023 ,   2.5364599954416241E-009 ,   8.4162065177408095E-004
   5.1596224062170057E-010 ,  -2.9819861082536648E-022 ,   2.3542319889965658E-009 ,   7.8745813733260427E-004
   4.8526957784947300E-010 ,   4.3530379735603081E-022 ,   2.1855807821870287E-009 ,   7.3639920356030988E-004
   4.5569609454597283E-010 ,  -9.3626505583345820E-023 ,   2.0288756303175665E-009 ,   6.8828001146331390E-004
   4.2727939461262965E-010 ,   2.0534758706628912E-022 ,   1.8829473551272248E-009 ,   6.4294435529754735E-004
   4.0004149074189412E-010 ,  -2.6278494085043998E-022 ,   1.7468973775753568E-009 ,   6.0024280800307923E-004
   3.7399210274531295E-010 ,  -2.2654409026296045E-022 ,   1.6199896432483049E-009 ,   5.6003463121808621E-004
   3.4913130518963802E-010 ,   4.0697286137608962E-022 ,   1.5015903125280986E-009 ,   5.2218767969713583E-004
   3.2545154671775501E-010 ,   1.1575358696913931E-022 ,   1.3911343587144004E-009 ,   4.8657731214683889E-004
   3.0293916773599117E-010 ,  -3.2751182378271440E-022 ,   1.2881070021750835E-009 ,   4.5308565770554708E-004
   2.8157555078619619E-010 ,  -6.3744605954867695E-023 ,   1.1920331552780540E-009 ,   4.2160107787838160E-004
   2.6133801203951195E-010 ,  -2.2856034300605846E-022 ,   1.1024711423931079E-009 ,   3.9201773096471322E-004
   2.4220051364236187E-010 ,   5.2887860415109207E-023 ,   1.0190086683826976E-009 ,   3.6423520203247199E-004
   2.2413424962477205E-010 ,  -1.8859717966209031E-022 ,   9.4125997902197249E-010 ,   3.3815823398766699E-004
   2.0710814393860504E-010 ,   1.7370792863613581E-023 ,   8.6886367311934177E-010 ,   3.1369641500386078E-004
   1.9108927989043751E-010 ,   1.1575358696913931E-022 ,   8.0148088441692351E-010 ,   2.9076344474511355E-004
   1.7604327837003779E-010 ,  -8.1968428825176586E-023 ,   7.3879370168324878E-010 ,   2.6927744346140974E-004
   1.6193463247509004E-010 ,  -1.5432088302942423E-023 ,   6.8050374893702146E-010 ,   2.4916055186195951E-004
   1.4872700713837416E-010 ,   3.2828730560698286E-023 ,   6.2633089246480123E-010 ,   2.3033865357575874E-004
   1.3638350697544557E-010 ,   1.0805046751473924E-023 ,   5.7601205582539412E-010 ,   2.1274115674450975E-004
   1.2486691720031086E-010 ,   7.0362050855291917E-023 ,   5.2930012201678239E-010 ,   1.9630079961294850E-004
   1.1413991954500424E-010 ,  -5.1543691919710537E-023 ,   4.8596292073113246E-010 ,   1.8095347953448455E-004
   1.0416528620149558E-010 ,   1.0313908262770564E-023 ,   4.4578228876601491E-010 ,   1.6663811296105320E-004
   9.4906053251983437E-011 ,   1.3441684953986700E-023 ,   4.0855319544041527E-010 ,   1.5329650038331991E-004
   8.6325675636104830E-011 ,  -1.9322422121355881E-023 ,   3.7408293327169184E-010 ,   1.4087320152966851E-004
   7.8388164746962963E-011 ,   1.8779584844367956E-023 ,   3.4219035991754941E-010 ,   1.2931542394855277E-004
   7.1058209753434196E-011 ,  -8.3881283991705463E-024 ,   3.1270519802736658E-010 ,   1.1857289450938841E-004
   6.4301284717649626E-011 ,  -3.8670693636854044E-023 ,   2.8546738094614843E-010 ,   1.0859774786652483E-004
   5.8083741289628298E-011 ,  -3.3914405114674135E-023 ,   2.6032644202858009E-010 ,   9.9344421355815625E-005
   5.2372888684454465E-011 ,  -2.2747466845208261E-023 ,   2.3714094619892891E-010 ,   9.0769545598676140E-005
   4.7137061385087997E-011 ,  -2.4195032917176059E-023 ,   2.1577795790677910E-010 ,   8.2831854075769262E-005
   4.2345675648588259E-011 ,  -1.1742087289131651E-023 ,   1.9611254713211851E-010 ,   7.5492088602169589E-005
   3.7969275347538274E-011 ,   8.9180409790873296E-025 ,   1.7802732491668257E-010 ,   6.8712917980491415E-005
   3.3979567920164202E-011 ,  -6.5528214150685161E-024 ,   1.6141200970092406E-010 ,   6.2458856508147586E-005
   3.0349451105659615E-011 ,   3.6835386652752014E-025 ,   1.4616302255649324E-010 ,   5.6696190912136334E-005
   2.7053031117686958E-011 ,  -7.7612805912202050E-024 ,   1.3218310752680250E-010 ,   5.1392908952037103E-005
   2.4065632862870896E-011 ,   1.5574259970724974E-024 ,   1.1938097521547642E-010 ,   4.6518632626760125E-005
   2.1363802832452521E-011 ,  -6.6756060372443562E-024 ,   1.0767096885688117E-010 ,   4.2044554846884969E-005
   1.8925305345019111E-011 ,   1.1987656533483331E-024 ,   9.6972751770391013E-011 ,   3.7943378165853293E-005
   1.6729112519632161E-011 ,   5.7547213709255558E-024 ,   8.7211011821772994E-011 ,   3.4189256582135253E-005
   1.4755388798263337E-011 ,   2.2359725933074029E-024 ,   7.8315184615807292E-011 ,   3.0757739770569472E-005
   1.2985470375546057E-011 ,   5.0664812518872945E-024 ,   7.0219192675386937E-011 ,   2.7625719060226510E-005
   1.1401840179982984E-011 ,  -3.0793090771993569E-024 ,   6.2861199424305983E-011 ,   2.4771375289500997E-005
   9.9880989013069506E-012 ,   2.9468309322201611E-024 ,   5.6183376873049216E-011 ,   2.2174128523499824E-005
   8.7289325466544287E-012 ,  -1.7771458472818954E-026 ,   5.0131686309453156E-011 ,   1.9814589279727428E-005
   7.6100770447942141E-012 ,  -1.3570931924698110E-024 ,   4.4655670815991507E-011 ,   1.7674510993245717E-005
   6.6182803395566054E-012 ,   5.2021905711342756E-025 ,   3.9708258860492695E-011 ,   1.5736743672272848E-005
   5.7412624408742215E-012 ,   7.7548182426846345E-026 ,   3.5245577979411256E-011 ,   1.3985188750433544E-005
   4.9676738240832211E-012 ,  -4.3297735188322542E-025 ,   3.1226777939441726E-011 ,   1.2404755049511421E-005
   4.2870526215159091E-012 ,  -1.0194354814862509E-024 ,   2.7613862790412003E-011 ,   1.0981315713295043E-005
   3.6897809425767158E-012 ,   4.8467614016778965E-026 ,   2.4371531124317169E-011 ,   9.7016660057189421E-006
   3.1670406996319505E-012 ,  -2.3910689581610956E-025 ,   2.1467023976930310E-011 ,   8.5534819502407372E-006
   2.7107692624959866E-012 ,  -6.8743232547131499E-025 ,   1.8869979940840097E-011 ,   7.5252798109575021E-006
   2.3136152411761874E-012 ,   1.2900463264132668E-024 ,   1.6552296952208427E-011 ,   6.6063764084448184E-006
   1.9688946673764534E-012 ,  -1.1470668650637688E-024 ,   1.4488000453019696E-011 ,   5.7868501357745783E-006
   1.6705478422321774E-012 ,  -2.9322906480151274E-025 ,   1.2653117555967558E-011 ,   5.0575027060422938E-006
   1.4130970589482953E-012 ,   6.7531542196712025E-025 ,   1.1025556785313499E-011 ,   4.4098221649036300E-006
   1.1916054041089670E-012 ,   3.3119536244798960E-025 ,   9.5849932146861582E-012 ,   3.8359468891776814E-006
   1.0016368185829026E-012 ,  -7.8739677938092161E-025 ,   8.3127587084190195E-012 ,   3.3286300759705140E-006
   8.3921755686766374E-013 ,  -3.5623696302332540E-025 ,   7.1917370831996711E-012 ,   2.8812050410974833E-006
   7.0079917698302631E-013 ,   1.0358942754127821E-024 ,   6.2062638896401667E-012 ,   2.4875514974056299E-006
   5.8322316183022162E-013 ,   5.9069904582949364E-026 ,   5.3420307183394589E-012 ,   2.1420628167722975E-006
   4.8368725117418122E-013 ,   4.2043130804659045E-025 ,   4.5859938989523432E-012 ,   1.8396142914577832E-006
   3.9971354305917226E-013 ,   5.7454001904694643E-025 ,   3.9262873416212940E-012 ,   1.5755324022660988E-006
   3.2911840508978549E-013 ,  -1.3319253741496399E-024 ,   3.3521395064080067E-012 ,   1.3455651313223203E-006
   2.6998421648870150E-013 ,  -6.2598952728546082E-025 ,   2.8537943209504943E-012 ,   1.1458533284866738E-006
   2.2063294490164940E-013 ,  -2.2719194070365140E-026 ,   2.4224359666761312E-012 ,   9.7290317050124201E-007
   1.7960153970440558E-013 ,  -3.2543983328349709E-025 ,   2.0501174627488585E-012 ,   8.2355971815187505E-007
   1.4561912781394363E-013 ,   8.6868100705489466E-025 ,   1.7296929025618122E-012 ,   6.9498160315982653E-007
   1.1758595762922708E-013 ,  -7.7931884371145845E-025 ,   1.4547533170262723E-012 ,   5.8461684784813716E-007
   9.4554058811607160E-014 ,   8.7443653621938717E-026 ,   1.2195660543364440E-012 ,   4.9017983485451150E-007
   7.5709535429246660E-014 ,   2.6737967065923063E-025 ,   1.0190176058940824E-012 ,   4.0962943148109020E-007
   6.0356453166844898E-014 ,  -5.4283727698792441E-025 ,   8.4855976985964789E-013 ,   3.4114826453818405E-007
   4.7902210565133360E-014 ,   5.6969641308888942E-025 ,   7.0415913973429754E-013 ,   2.8312315715207023E-007
   3.7844361316010910E-014 ,   3.5542916945637908E-026 ,   5.8224973510385751E-013 ,   2.3412669497088199E-007
   2.9758738123920712E-014 ,   8.0880330890499898E-025 ,   4.7968880992577907E-013 ,   1.9289994669789861E-007
   2.3288886259889146E-014 ,   3.7097919562009566E-025 ,   3.9371558220056344E-013 ,   1.5833627097202467E-007
   1.8136586670673974E-014 ,  -1.9185097214975007E-026 ,   3.2191302985174056E-013 ,   1.2946625552071417E-007
   1.4053566337293118E-014 ,   1.2922677587223692E-024 ,   2.6217231122803861E-013 ,   1.0544367829796774E-007
   1.0834051513972111E-014 ,   8.2394943828524241E-025 ,   2.1266017881213296E-013 ,   8.5532565938099775E-008
   8.3084359588161680E-015 ,  -6.4966797621657471E-025 ,   1.7178864051763784E-013 ,   6.9095189991248573E-008
   6.3374888870976898E-015 ,  -4.0248314473100199E-025 ,   1.3818761543925325E-013 ,   5.5581115137135514E-008
   4.8076947094041392E-015 ,   1.1234389032305891E-024 ,   1.1067930306759313E-013 ,   4.4517083030942640E-008
   3.6267365458447305E-015 ,  -1.5711584877105848E-025 ,   8.8255731837559156E-014 ,   3.5497896198787632E-008
   2.7202954038689562E-015 ,   1.0057029908481635E-024 ,   7.0057212282049533E-014 ,   2.8178019095711837E-008
   2.0283999167010622E-015 ,   4.1601368697735279E-026 ,   5.5354493882442229E-014 ,   2.2264126060118002E-008
   1.5035718661608559E-015 ,   3.2493496230415565E-025 ,   4.3530532728352640E-014 ,   1.7508232538806669E-008
   1.1075872011395065E-015 ,   1.0240802944961922E-024 ,   3.4067131746418957E-014 ,   1.3701725119477856E-008
   8.1101480613163799E-016 ,  -1.3045866106183005E-025 ,   2.6529025117559192E-014 ,   1.0669827835535822E-008
   5.8980225182542712E-016 ,   3.2331937517026301E-025 ,   2.0555172384255773E-014 ,   8.2669253549321164E-009
   4.2650984670624059E-016 ,  -4.3216955831627911E-026 ,   1.5843765895164092E-014 ,   6.3721764358663949E-009
   3.0589619797304517E-016 ,  -3.0877909096522932E-025 ,   1.2148916364981687E-014 ,   4.8859317855160001E-009
   2.1855354694112057E-016 ,  -8.3263321912991531E-025 ,   9.2644631153092178E-015 ,   3.7263041449775090E-009
   1.5422215149064101E-016 ,  -3.5946813729111066E-025 ,   7.0278158975134582E-015 ,   2.8265080585218217E-009
   1.0918258401434695E-016 ,   1.2684378484974528E-024 ,   5.2991339092512825E-015 ,   2.1322880238201688E-009
   7.5267557010505679E-017 ,   9.9358608734396879E-026 ,   3.9759396526527970E-015 ,   1.5997524688292888E-009
   5.3432031677142928E-017 ,   3.0413427795528801E-025 ,   2.9618236994587126E-015 ,   1.1940065722757570E-009
   3.5104117729794163E-017 ,   8.4596181298452952E-025 ,   2.1988029962553723E-015 ,   8.8674026066816507E-010
   2.6132015772488023E-017 ,   3.5179409840512066E-025 ,   1.6152881434403579E-015 ,   6.5644375846422479E-010
   1.4884937441426541E-017 ,  -1.0359952496086504E-025 ,   1.1892260052439873E-015 ,   4.8554152028873650E-010
   1.3678306872823007E-017 ,  -1.1367674970852033E-024 ,   8.5700489733020620E-016 ,   3.6138363086845076E-010
   4.3504343506886700E-018 ,  -7.2095575849958711E-026 ,   6.3147940550634838E-016 ,   2.7444238412391870E-010
   9.0781978006684873E-018 ,   1.5210752865599132E-024 ,   4.3853593194875087E-016 ,   2.1637400732910962E-010
  -2.0736631820082987E-018 ,   4.9416771457940887E-025 ,   3.3442161594028761E-016 ,   1.8412101330731369E-010
   9.0319980937480978E-018 ,   6.2179909815692681E-025 ,   2.0972895983011540E-016 ,   1.6972781717647076E-010
  -7.5954496515258188E-018 ,   7.8860846973134108E-025 ,   1.8691628795129210E-016 ,   1.7496986681825555E-010
   1.2591746367617539E-017 ,  -3.1302000719169748E-025 ,   8.0808336787456387E-017 ,   1.9052175092478347E-010
  -1.4697091672956011E-017 ,   3.1079857488259512E-025 ,   1.2733755673861064E-016 ,   2.2308006251399666E-010
   1.9988949820448895E-017 ,   1.8437888165549665E-025 ,  -1.3712161628441214E-018 ,   2.6220018053862942E-010
  -2.4926978259636315E-017 ,  -3.5441942749769618E-025 ,   1.3013643745742166E-016 ,   3.1718121229868089E-010
   3.3300702260827866E-017 ,   3.0453817473876117E-025 ,  -7.7590780056235924E-017 ,   3.8194438516235893E-010
  -4.4936807865195740E-017 ,  -6.8682648029610525E-025 ,   1.8906324906504222E-016 ,   4.6555739208073245E-010
   5.9308371978284936E-017 ,   6.5027382139178445E-025 ,  -1.5702295491000655E-016 ,   5.6728821000035383E-010
  -7.2173531482652931E-017 ,  -3.1241416201648775E-025 ,   3.2744039892917218E-016 ,   6.9599359069148376E-010
   8.9228990943507084E-017 ,   5.0850605039270598E-025 ,  -3.3856114361398511E-016 ,   8.5614444342889590E-010
  -1.3356567395255158E-016 ,   1.8431829713797567E-024 ,   6.5120121728138080E-016 ,   1.0579720678672723E-009
   2.0942779498566121E-016 ,  -9.1482621456670297E-026 ,  -4.5741448693014034E-016 ,   1.3122710441188966E-009
  -2.5630114381885398E-016 ,  -2.5586861233024562E-025 ,   9.9959585810499426E-016 ,   1.6338903679398015E-009
   2.0642980975679469E-016 ,   3.5643891141506197E-025 ,  -1.0448245743619798E-015 ,   2.0421321163128290E-009
  -2.7608149378647877E-016 ,   1.0683069922865030E-025 ,   2.9240483985715356E-015 ,   2.5605682464419093E-009
   8.0970168552156112E-016 ,   2.5607056072198220E-025 ,  -1.3156237005825990E-015 ,   3.2276150588161354E-009
  -1.5090019127116710E-015 ,  -2.8272774843121063E-025 ,   2.3123665301757771E-015 ,   4.0875508088479695E-009
   6.6724788173490898E-016 ,   2.5061795414509457E-025 ,  -1.0072674142633056E-015 ,   5.2087281440871979E-009
   1.0537389909135039E-015 ,  -3.5320773714727671E-025 ,   1.5008340725081690E-014 ,   6.6400752919113824E-009
   1.3884368196057414E-015 ,   7.0500183555239737E-025 ,  -6.8171119804539505E-015 ,   8.5520483889608561E-009
  -1.1764626509742131E-014 ,   9.0876776281460560E-026 ,   1.0776810142905888E-015 ,   1.1150662534394153E-008
   8.8148537700576099E-015 ,  -3.3947524650918934E-025 ,   1.9905257668732235E-014 ,   1.4808430011923187E-008
   1.6736199077086171E-014 ,  -1.6963664905872638E-026 ,   8.8270732180456823E-014 ,   1.9147252803587076E-008
  -1.7672942378144125E-014 ,  -2.9444075515193221E-025 ,  -4.8856522485610720E-014 ,   2.5265781134548284E-008
  -9.4029868707110886E-014 ,   1.7928978218373486E-024 ,  -8.5743834872165728E-014 ,   3.4783444625406734E-008
   8.7797225445837933E-014 ,   2.2396076643586614E-025 ,   2.9931321276413931E-013 ,   5.2126959515468475E-008
   3.5132000465122705E-013 ,   1.8316719130507717E-025 ,   8.7797814290078581E-013 ,   6.7678819425124975E-008
  -1.8123385044075098E-013 ,  -5.3455739292672467E-025 ,   9.8170796775051228E-014 ,   1.0052823750834267E-007
  -1.6346625035752411E-012 ,  -2.2436466321933929E-025 ,  -6.8723558696499720E-014 ,   1.4412833143723675E-007
   3.1534183532412563E-012 ,  -6.2684780795034128E-025 ,   6.2173107489853845E-012 ,   3.3016746298055954E-007
   9.8966089259288584E-012 ,  -7.5326750117743975E-025 ,   1.8906326181692394E-011 ,   3.6172048712004570E-007
  -8.6906612224769319E-012 ,   3.0534596830570748E-025 ,   3.1329982729753974E-011 ,   1.0203285516465145E-006
  -7.6724457032944641E-012 ,   2.2537440517802219E-025 ,  -1.5245956872023254E-012 ,   1.4548261992986402E-006
   5.4315325463767117E-012 ,  -1.1640305299696415E-024 ,  -4.0472058286802701E-011 ,   9.9359593832559267E-007
  -9.8232127722986176E-013 ,   7.6452612401675403E-025 ,  -2.4637041063332072E-011 ,   2.1062955896908808E-006
   2.5192925829467865E-012 ,   2.9227296538438487E-028 ,   3.1360252154129131E-011 ,   3.3485555182217547E-006
