 mean[u],mean[v],mean[w],var[u],var[v],var[w],skew[u],skew[v],skew[w],kurt[u],kurt[v],kurt[w],<u'v'>,<u'w'>,<v'w'>,mean[p],var[p],mean[phi],var[phi],<u'phi'>,<v'phi'>,<w'phi'>
  -1.3813916229635562E-022 ,   0.0000000000000000      ,  -1.5352472168984194E-020 ,   2.3954572143543596E-012 ,   0.0000000000000000      ,   1.5381186206396066E-012 ,  -3.6069154640363736E-019 ,   0.0000000000000000      ,  -6.0706084174077684E-020 ,   5.9523932145741711E-024 ,   0.0000000000000000      ,   2.0632935874337485E-024 ,   0.0000000000000000      ,  -3.2626949421065648E-042 ,   0.0000000000000000      ,  -9.1343876090321990E-002 ,  -7.6770931413828961E-003 ,   0.0000000000000000      ,   0.0000000000000000      ,   0.0000000000000000      ,   0.0000000000000000      ,   0.0000000000000000     
   1.2104015814194802      ,  -6.2985369957829773E-018 ,  -7.0140289062195762E-003 ,  -1.3549550711801694      ,   5.9557744837457300E-006 ,   2.3712618767347225E-003 ,   3.1579976668262679      ,   3.0176418697322351E-010 ,   4.8869770296315458E-005 ,  -5.5243146520462005      ,   2.4871391708040537E-011 ,   2.9345908595874028E-006 ,  -9.7100613812806561E-005 ,   1.4745403223299293E-002 ,   6.7932779289562068E-007 ,  -9.1360797905341087E-002 ,  -7.6824677059799769E-003 ,   0.0000000000000000      ,   0.0000000000000000      ,   0.0000000000000000      ,   0.0000000000000000      ,   0.0000000000000000     
   2.3942043157045401      ,   8.7549325428204483E-018 ,  -1.4277007409419125E-002 ,  -5.3025298759528150      ,   1.3883831714191753E-004 ,   6.5980399657451982E-003 ,   24.447760044111778      ,   1.3401941225835120E-008 ,   2.6923158465761126E-004 ,  -84.599725782348571      ,   1.2349361690518573E-008 ,   2.3211299454438197E-005 ,  -1.0399399906883397E-003 ,   5.9409653505361565E-002 ,   9.2756830184156992E-006 ,  -9.1484909415288154E-002 ,  -7.6999121283623968E-003 ,   0.0000000000000000      ,   0.0000000000000000      ,   0.0000000000000000      ,   0.0000000000000000      ,   0.0000000000000000     
   3.5093799585672683      ,  -1.1329912702473521E-017 ,  -2.1828396460329209E-002 ,  -11.399646728197720      ,   4.6200138280327158E-004 ,   1.0550631862030079E-002 ,   77.059674743827799      ,  -1.7230442972891825E-007 ,   6.4950949176989102E-004 ,  -390.95123177073265      ,   1.2264036900710606E-007 ,   6.3652603320613703E-005 ,  -3.0849224648264242E-003 ,  0.13364733972265086      ,   2.7125288548786785E-005 ,  -9.1823510279984255E-002 ,  -7.7564053600213852E-003 ,   0.0000000000000000      ,   0.0000000000000000      ,   0.0000000000000000      ,   0.0000000000000000      ,   0.0000000000000000     
   4.5093537792184071      ,   1.0950441942103595E-017 ,  -2.9479797214818061E-002 ,  -18.839194128624747      ,   1.0971238422846554E-003 ,   1.4079226746823451E-002 ,   163.70154367531330      ,  -1.3777617179517990E-006 ,   1.1667015245730441E-003 ,  -1067.5403380608784      ,   6.3740003863856740E-007 ,   1.2615917004234694E-004 ,  -6.1071963779539013E-003 ,  0.23307750698867458      ,   6.4360536257924175E-005 ,  -9.2439283119464685E-002 ,  -7.8551285749674342E-003 ,   0.0000000000000000      ,   0.0000000000000000      ,   0.0000000000000000      ,   0.0000000000000000      ,   0.0000000000000000     
   5.3706794213281750      ,  -1.4419888894057209E-017 ,  -3.6400580852727980E-002 ,  -26.749539423605391      ,   1.9297995338646615E-003 ,   1.7229312421970882E-002 ,   276.95261412539429      ,  -4.7681833922131713E-006 ,   1.7634921391917649E-003 ,  -2151.8813263193588      ,   1.8171468469953294E-006 ,   2.0905635582706532E-004 ,  -9.2034341231207930E-003 ,  0.34379518328715758      ,   1.3477436356128163E-004 ,  -9.3295534978577926E-002 ,  -7.9988914382963586E-003 ,   0.0000000000000000      ,   0.0000000000000000      ,   0.0000000000000000      ,   0.0000000000000000      ,   0.0000000000000000     
   6.0936480462935307      ,   1.7997756063259374E-017 ,  -4.1211589176708821E-002 ,  -34.466784462449056      ,   3.0617597724639117E-003 ,   1.9958250705182774E-002 ,   405.05019078965461      ,  -1.1845791139844252E-005 ,   2.3212924449226256E-003 ,  -3572.1204273729290      ,   4.1847904883229029E-006 ,   2.9435191649426290E-004 ,  -1.2169501940484913E-002 ,  0.44162532043650665      ,   2.4571146907628700E-004 ,  -9.4404186215116037E-002 ,  -8.1858495153101715E-003 ,   0.0000000000000000      ,   0.0000000000000000      ,   0.0000000000000000      ,   0.0000000000000000      ,   0.0000000000000000     
   6.6929647215837935      ,  -1.3118846287074604E-017 ,  -4.2814185391205933E-002 ,  -41.611952948877288      ,   4.3213310904962081E-003 ,   2.2248124613279227E-002 ,   537.29927080162042      ,  -2.2064414655432844E-005 ,   2.7016991081705551E-003 ,  -5206.0928635369546      ,   7.5492609031243606E-006 ,   3.5263042434599025E-004 ,  -1.4546068263400786E-002 ,  0.50269531205401785      ,   3.7685147058741841E-004 ,  -9.5688590338451091E-002 ,  -8.4064153841263579E-003 ,   0.0000000000000000      ,   0.0000000000000000      ,   0.0000000000000000      ,   0.0000000000000000      ,   0.0000000000000000     
   7.1889263999756388      ,   9.3241386833753381E-018 ,  -4.1156065109694363E-002 ,  -48.038607744446658      ,   5.7683951382142508E-003 ,   2.4204663230599482E-002 ,   666.43843339784200      ,  -3.4627704899035198E-005 ,   2.8374411228455692E-003 ,  -6937.7377750667329      ,   1.2176599108315699E-005 ,   3.6965033394328526E-004 ,  -1.6487853665721391E-002 ,  0.51707831111819558      ,   5.1056133661508583E-004 ,  -9.7113369256631180E-002 ,  -8.6560827672411567E-003 ,   0.0000000000000000      ,   0.0000000000000000      ,   0.0000000000000000      ,   0.0000000000000000      ,   0.0000000000000000     
   7.6015496153514626      ,  -1.6371452804531117E-017 ,  -3.7150785497825300E-002 ,  -53.740646677236796      ,   7.2463782759081326E-003 ,   2.5905533038321490E-002 ,   788.52768728803892      ,  -4.6527959897967681E-005 ,   2.7528555431414158E-003 ,  -8681.8391457635153      ,   1.7454243361610492E-005 ,   3.5440883341156465E-004 ,  -1.7853101078369609E-002 ,  0.49164082213880134      ,   6.3620497679045182E-004 ,  -9.8613260487381338E-002 ,  -8.9227067197597751E-003 ,   0.0000000000000000      ,   0.0000000000000000      ,   0.0000000000000000      ,   0.0000000000000000      ,   0.0000000000000000     
   7.9483399224464231      ,   2.5370330836160804E-017 ,  -3.1972606758526020E-002 ,  -58.783058494758585      ,   8.7950114914354914E-003 ,   2.7256353371850874E-002 ,   902.05111421479842      ,  -5.6448518923401278E-005 ,   2.5092650440192801E-003 ,  -10386.868742756447      ,   2.3640473908513774E-005 ,   3.2273077965260801E-004 ,  -1.8860839624063212E-002 ,  0.44129907477116581      ,   7.5374798017752273E-004 , -0.10014271359890040      ,  -9.2016356406383181E-003 ,   0.0000000000000000      ,   0.0000000000000000      ,   0.0000000000000000      ,   0.0000000000000000      ,   0.0000000000000000     
   8.2435984665750119      ,  -3.0737131589964051E-017 ,  -2.6347492590862453E-002 ,  -63.256657324065806      ,   1.0288562105351872E-002 ,   2.8156385003243928E-002 ,   1006.9408660320950      ,  -6.1147395772882717E-005 ,   2.1553934971898503E-003 ,  -12027.377600221211      ,   3.0143201325703059E-005 ,   2.8525713443447437E-004 ,  -1.9460707542788485E-002 ,  0.37755690874726133      ,   8.6103531488874974E-004 , -0.10165413120297104      ,  -9.4812854481377013E-003 ,   0.0000000000000000      ,   0.0000000000000000      ,   0.0000000000000000      ,   0.0000000000000000      ,   0.0000000000000000     
   8.4991929453491508      ,   1.9353008778866254E-017 ,  -2.0353352934624421E-002 ,  -67.263422627455597      ,   1.1740755424856662E-002 ,   2.8637564585582604E-002 ,   1104.0935741529420      ,  -5.9522213606886536E-005 ,   1.7052970425805198E-003 ,  -13598.702610903652      ,   3.7148241093808475E-005 ,   2.4644838791114052E-004 ,  -1.9810122864297713E-002 ,  0.30347569374921440      ,   9.5216741762170682E-004 , -0.10309085240325393      ,  -9.7538834614221588E-003 ,   0.0000000000000000      ,   0.0000000000000000      ,   0.0000000000000000      ,   0.0000000000000000      ,   0.0000000000000000     
   8.7249376053139915      ,  -8.1857264022655585E-018 ,  -1.3846248489169495E-002 ,  -70.905592393391373      ,   1.3043705415468074E-002 ,   2.8831772634189675E-002 ,   1194.9558766240493      ,  -4.9869649708226265E-005 ,   1.1704674525126468E-003 ,  -15110.676179535403      ,   4.3859634274457488E-005 ,   2.1017950353518480E-004 ,  -1.9861588085359077E-002 ,  0.21818767291792085      ,   1.0128610882424280E-003 , -0.10440792378882774      ,  -1.0007104411647046E-002 ,   0.0000000000000000      ,   0.0000000000000000      ,   0.0000000000000000      ,   0.0000000000000000      ,   0.0000000000000000     
   8.9289675290127626      ,   1.5070410197548512E-017 ,  -7.0911369353986869E-003 ,  -74.280194266485353      ,   1.4185432062613097E-002 ,   2.8886420414707330E-002 ,   1281.2538054555675      ,  -3.3755917728813087E-005 ,   6.0513860206014151E-004 ,  -16582.669245286754      ,   4.9961974051890339E-005 ,   1.8405818193852435E-004 ,  -1.9711585271461642E-002 ,  0.12585309668831018      ,   1.0288229931488249E-003 , -0.10553765991535961      ,  -1.0229605383957832E-002 ,   0.0000000000000000      ,   0.0000000000000000      ,   0.0000000000000000      ,   0.0000000000000000      ,   0.0000000000000000     
   9.1177066441378578      ,  -2.9056618222611519E-017 ,  -8.3596792720231489E-004 ,  -77.471167030935831      ,   1.5098879396543611E-002 ,   2.8913634735897319E-002 ,   1364.6806018586635      ,  -1.1804949288035514E-005 ,   9.8344589250037333E-005 ,  -18037.487424071598      ,   5.4898172943979045E-005 ,   1.7428517472920386E-004 ,  -1.9347816037081276E-002 ,   3.7781343041875207E-002 ,   1.0043279387843291E-003 , -0.10646193956029867      ,  -1.0414483343741031E-002 ,   0.0000000000000000      ,   0.0000000000000000      ,   0.0000000000000000      ,   0.0000000000000000      ,   0.0000000000000000     
   9.2963930187626822      ,  -1.7347234759768071E-018 ,   4.0941964922584020E-003 ,  -80.553031091425922      ,   1.5819653197021378E-002 ,   2.8911554189298652E-002 ,   1446.9037281914370      ,   1.6308420221989645E-005 ,  -2.7790233340714923E-004 ,  -19500.641328649457      ,   5.8911396419427353E-005 ,   1.7597201465773931E-004 ,  -1.8840073548515964E-002 ,  -3.2295728191319095E-002 ,   9.6401313864517228E-004 , -0.10717326780649011      ,  -1.0560714535538286E-002 ,   0.0000000000000000      ,   0.0000000000000000      ,   0.0000000000000000      ,   0.0000000000000000      ,   0.0000000000000000     
   9.4687772211186925      ,   1.6479873021779667E-017 ,   6.8178646331655806E-003 ,  -83.582224343512991      ,   1.6339831471610888E-002 ,   2.8878105123243063E-002 ,   1529.2700628073344      ,   5.0969972085029428E-005 ,  -4.7619328376105770E-004 ,  -20994.412285958722      ,   6.1932128518604927E-005 ,   1.7843926733173370E-004 ,  -1.8185624095536635E-002 ,  -6.7538490055528103E-002 ,   9.0862513405376541E-004 , -0.10770154361244180      ,  -1.0671660838219306E-002 ,   0.0000000000000000      ,   0.0000000000000000      ,   0.0000000000000000      ,   0.0000000000000000      ,   0.0000000000000000     
   9.6363809906066908      ,  -2.3852447794681098E-017 ,   6.6011739937156047E-003 ,  -86.580430604344315      ,   1.6656566193004103E-002 ,   2.8848083549142617E-002 ,   1612.2775222329021      ,   8.6653743454977145E-005 ,  -4.4985131291147779E-004 ,  -22527.196163336012      ,   6.3968265755100280E-005 ,   1.7731224994112682E-004 ,  -1.7476322236484314E-002 ,  -5.2273758336803436E-002 ,   8.2156280516229412E-004 , -0.10801128311897357      ,  -1.0740498964525199E-002 ,   0.0000000000000000      ,   0.0000000000000000      ,   0.0000000000000000      ,   0.0000000000000000      ,   0.0000000000000000     
   9.7993458264205060      ,  -9.1072982488782372E-018 ,   4.1613026428786084E-003 ,  -89.545837292238048      ,   1.6759874129439613E-002 ,   2.8627446567880126E-002 ,   1695.8032596456412      ,   1.1870924138953211E-004 ,  -2.4733469525924188E-004 ,  -24096.335932128932      ,   6.4922734194375271E-005 ,   1.7287250957111365E-004 ,  -1.6750941164431897E-002 ,   3.8142749100280940E-003 ,   7.2626581247759868E-004 , -0.10811970613164130      ,  -1.0769329893629206E-002 ,   0.0000000000000000      ,   0.0000000000000000      ,   0.0000000000000000      ,   0.0000000000000000      ,   0.0000000000000000     
   9.9590401541645051      ,   1.6479873021779667E-017 ,   1.7776849301228215E-003 ,  -92.499141802367305      ,   1.6713546857326646E-002 ,   2.8086437501205905E-002 ,   1780.3748303796508      ,   1.4845330604375200E-004 ,  -6.1869324922410511E-005 ,  -25711.599171847127      ,   6.4964546876824570E-005 ,   1.6602310549179391E-004 ,  -1.5990173410395211E-002 ,   6.1753391654565823E-002 ,   6.6505309867387005E-004 , -0.10806800211083650      ,  -1.0766586114758144E-002 ,   0.0000000000000000      ,   0.0000000000000000      ,   0.0000000000000000      ,   0.0000000000000000      ,   0.0000000000000000     
   10.118278254308164      ,   4.0766001685454967E-017 ,   6.4294598618690017E-004 ,  -95.490548273224519      ,   1.6582817711319805E-002 ,   2.7257046759192407E-002 ,   1867.4256677315880      ,   1.8088842099282573E-004 ,   7.0331214222383920E-006 ,  -27401.150075997895      ,   6.4501598498255632E-005 ,   1.5461421975908321E-004 ,  -1.5081907546138834E-002 ,   9.5454845851357537E-002 ,   6.6244691427885024E-004 , -0.10794035214330341      ,  -1.0747736629053281E-002 ,   0.0000000000000000      ,   0.0000000000000000      ,   0.0000000000000000      ,   0.0000000000000000      ,   0.0000000000000000     
   10.278328306931831      ,  -1.3010426069826053E-017 ,  -1.3144011915673156E-003 ,  -98.544447736544342      ,   1.6403883594797494E-002 ,   2.6266608876925834E-002 ,   1957.7130768731527      ,   2.1309832039334689E-004 ,   1.3679019962847366E-004 ,  -29181.473357874725      ,   6.3477704657960971E-005 ,   1.4653328496342464E-004 ,  -1.4054187690435550E-002 ,  0.13031272992663354      ,   7.1214136389489654E-004 , -0.10775617885924445      ,  -1.0717057571507789E-002 ,   0.0000000000000000      ,   0.0000000000000000      ,   0.0000000000000000      ,   0.0000000000000000      ,   0.0000000000000000     
   10.438124325937537      ,  -5.5511151231257827E-017 ,  -6.7835335622611756E-003 ,  -101.64047361955359      ,   1.6097890573708057E-002 ,   2.5233029319188815E-002 ,   2050.6858012554430      ,   2.4192980963707924E-004 ,   5.2584916781101877E-004 ,  -31043.578536530389      ,   6.1755424121256352E-005 ,   1.4657777885692885E-004 ,  -1.3067915208686743E-002 ,  0.21227652619969409      ,   7.1928505143480234E-004 , -0.10745293975297901      ,  -1.0663261455976314E-002 ,   0.0000000000000000      ,   0.0000000000000000      ,   0.0000000000000000      ,   0.0000000000000000      ,   0.0000000000000000     
   10.599707179294054      ,   1.7347234759768071E-017 ,  -1.2700750859112094E-002 ,  -104.81798409615897      ,   1.5540102463346694E-002 ,   2.3752425858090086E-002 ,   2147.5905364985365      ,   2.6142530135690305E-004 ,   9.0228465320785071E-004 ,  -33014.636951392633      ,   5.9213740093922335E-005 ,   1.5249639569616936E-004 ,  -1.2190659431576841E-002 ,  0.29620501732066107      ,   6.0102088260521392E-004 , -0.10689009561903384      ,  -1.0559973038477522E-002 ,   0.0000000000000000      ,   0.0000000000000000      ,   0.0000000000000000      ,   0.0000000000000000      ,   0.0000000000000000     
   10.769544019910661      ,   5.2041704279304213E-018 ,  -1.1607222628532910E-002 ,  -108.21014470484246      ,   1.4772518095068443E-002 ,   2.1724184258154842E-002 ,   2252.6747083548553      ,   2.6933881559765434E-004 ,   8.1436900879412494E-004 ,  -35185.809859776651      ,   5.6492980377010199E-005 ,   1.3092369753137684E-004 ,  -1.1151791389737062E-002 ,  0.24590779719310088      ,   4.9807439207299781E-004 , -0.10612193765301062      ,  -1.0416435488454764E-002 ,   0.0000000000000000      ,   0.0000000000000000      ,   0.0000000000000000      ,   0.0000000000000000      ,   0.0000000000000000     
   10.943070808748464      ,   1.7347234759768071E-017 ,  -4.1084554816738870E-003 ,  -111.73143589492805      ,   1.3900657415130113E-002 ,   1.9493891309936048E-002 ,   2363.5152460979652      ,   2.5543094419693712E-004 ,   3.2394932208901922E-004 ,  -37512.779924311762      ,   5.2392290555602110E-005 ,   9.5830293344732683E-005 ,  -9.9947526793720282E-003 ,   7.2588977370955848E-002 ,   5.2314950813582735E-004 , -0.10524819682019503      ,  -1.0254309098569579E-002 ,   0.0000000000000000      ,   0.0000000000000000      ,   0.0000000000000000      ,   0.0000000000000000      ,   0.0000000000000000     
   11.108657419030056      ,  -7.3725747729014302E-018 ,   1.2099831597182364E-003 ,  -115.14398391977802      ,   1.3018392573729123E-002 ,   1.6713191224554225E-002 ,   2472.6130697891804      ,   2.1331428695268396E-004 ,  -2.9252075484807692E-005 ,  -39838.979987986677      ,   4.6206433259321341E-005 ,   6.8964304762718655E-005 ,  -8.7469300319670523E-003 ,  -4.7875162404554306E-002 ,   4.7708604858056009E-004 , -0.10435856174018977      ,  -1.0093358639404254E-002 ,   0.0000000000000000      ,   0.0000000000000000      ,   0.0000000000000000      ,   0.0000000000000000      ,   0.0000000000000000     
   11.266532670253735      ,  -7.3725747729014302E-017 ,   3.8706786919576724E-003 ,  -118.44434609368417      ,   1.1947172719917184E-002 ,   1.4304397851292823E-002 ,   2579.6750449923038      ,   1.5869722447437159E-004 ,  -1.6132673229987029E-004 ,  -42155.312510499818      ,   3.8302146021595037E-005 ,   5.4088172860018340E-005 ,  -7.2909324621609206E-003 ,  -9.8010720205964755E-002 ,   3.0385965419293449E-004 , -0.10329675395013849      ,  -9.9016583662260189E-003 ,   0.0000000000000000      ,   0.0000000000000000      ,   0.0000000000000000      ,   0.0000000000000000      ,   0.0000000000000000     
   11.410073983799217      ,  -2.8622937353617317E-017 ,   8.0939566402794313E-003 ,  -121.48605553138809      ,   1.0873848992777380E-002 ,   1.3024282387813382E-002 ,   2679.6766014421491      ,   1.1047616944435611E-004 ,  -3.0573975976633315E-004 ,  -44348.046298333822      ,   3.0677738059190679E-005 ,   4.7091647840243406E-005 ,  -5.5430121688304834E-003 , -0.15989351247922151      ,   2.1329577292833143E-004 , -0.10220479472421153      ,  -9.7046235621280359E-003 ,   0.0000000000000000      ,   0.0000000000000000      ,   0.0000000000000000      ,   0.0000000000000000      ,   0.0000000000000000     
   11.526097037422215      ,  -2.9490299091605721E-017 ,   1.1789355773698622E-002 ,  -123.97418276717856      ,   1.0201424587665604E-002 ,   1.1394577222900685E-002 ,   2762.4140532947558      ,   7.2860417463343723E-005 ,  -3.6755050021013266E-004 ,  -46182.975763096038      ,   2.6216154187695077E-005 ,   4.0954471509616725E-005 ,  -3.4296017305882739E-003 , -0.19949029187609496      ,   1.3076734240395236E-004 , -0.10155222729255678      ,  -9.5905546464274544E-003 ,   0.0000000000000000      ,   0.0000000000000000      ,   0.0000000000000000      ,   0.0000000000000000      ,   0.0000000000000000     
   11.605427214161169      ,   0.0000000000000000      ,   4.4542230880354368E-003 ,  -125.68982330187070      ,   9.9482274572043929E-003 ,   1.0341149727400788E-002 ,   2819.9506794697963      ,   3.6526201220226024E-005 ,  -1.1751330903584024E-004 ,  -47469.884377275812      ,   2.5267246184042211E-005 ,   2.7328064345028407E-005 ,  -1.3583459400581255E-003 ,  -3.1004381045433557E-002 ,  -1.5334264606768649E-004 , -0.10129391764526892      ,  -9.5476916542410282E-003 ,   0.0000000000000000      ,   0.0000000000000000      ,   0.0000000000000000      ,   0.0000000000000000      ,   0.0000000000000000     
   11.629866002386521      ,  -3.0357660829594124E-017 ,  -8.0789458103688195E-003 ,  -126.22062972061391      ,   1.0237991486132745E-002 ,   9.9271092119672076E-003 ,   2837.8321190186789      ,  -1.4933415513419047E-005 ,   2.3092929885265218E-004 ,  -47871.630955368571      ,   2.6681864870333632E-005 ,   2.4962027910472818E-005 ,   3.9933267144873051E-004 ,  0.22257263619677953      ,  -2.1471392299852622E-004 , -0.10158135455477695      ,  -9.6027457007323985E-003 ,   0.0000000000000000      ,   0.0000000000000000      ,   0.0000000000000000      ,   0.0000000000000000      ,   0.0000000000000000     
   11.593628213473030      ,   1.9949319973733282E-017 ,  -1.6562053955668669E-002 ,  -125.43456675908442      ,   1.1109607439926910E-002 ,   9.8459110527845863E-003 ,   2811.3645520703049      ,  -8.3368050531732165E-005 ,   4.7724891421200026E-004 ,  -47277.264791591922      ,   3.1898612025145561E-005 ,   3.5966504431698723E-005 ,   2.6284766137719853E-003 ,  0.39351750082601422      ,  -7.6019725737077156E-005 , -0.10245085781373915      ,  -9.7618019645937144E-003 ,   0.0000000000000000      ,   0.0000000000000000      ,   0.0000000000000000      ,   0.0000000000000000      ,   0.0000000000000000     
   11.507063951615018      ,  -3.0357660829594124E-017 ,  -2.8212320113422992E-002 ,  -123.56443305914465      ,   1.1908522026252451E-002 ,   1.0906646871507034E-002 ,   2748.7309314375893      ,  -1.3426955770029289E-004 ,   9.0183128364920413E-004 ,  -45878.231539106098      ,   3.5976214355856655E-005 ,   7.8658529792525718E-005 ,   5.3284407896547837E-003 ,  0.60918226792294461      ,   6.5657259558381446E-005 , -0.10325377937027934      ,  -9.9061311530464664E-003 ,   0.0000000000000000      ,   0.0000000000000000      ,   0.0000000000000000      ,   0.0000000000000000      ,   0.0000000000000000     
   11.371494867416905      ,   1.3444106938820255E-017 ,  -4.2400342812689784E-002 ,  -120.66407449924608      ,   1.2690637239447669E-002 ,   1.2330480196059142E-002 ,   2652.5284502934596      ,  -1.7089045678073738E-004 ,   1.5061932142198238E-003 ,  -43750.042951362469      ,   4.0146323702529020E-005 ,   1.6505809710364155E-004 ,   7.6570520567052578E-003 ,  0.82934915411293231      ,   2.8541188257108366E-004 , -0.10402058679845556      ,  -1.0041858087910666E-002 ,   0.0000000000000000      ,   0.0000000000000000      ,   0.0000000000000000      ,   0.0000000000000000      ,   0.0000000000000000     
   11.198790567115779      ,   3.1763735522036263E-017 ,  -4.8027857235883986E-002 ,  -117.02016285475341      ,   1.3965055423279776E-002 ,   1.4232363188570706E-002 ,   2533.2925650386946      ,  -2.1142254589087090E-004 ,   1.9975844772113548E-003 ,  -41147.850170442834      ,   4.8793374740707390E-005 ,   2.4835909531211397E-004 ,   9.5780094859982054E-003 ,  0.86268695701546660      ,   5.2637121484722755E-004 , -0.10530954880749399      ,  -1.0278395523281121E-002 ,   0.0000000000000000      ,   0.0000000000000000      ,   0.0000000000000000      ,   0.0000000000000000      ,   0.0000000000000000     
   11.018630214505681      ,   1.4094628242311558E-016 ,  -3.8716977369655264E-002 ,  -113.27907759653741      ,   1.5375040416324780E-002 ,   1.7323268408994556E-002 ,   2412.7930357178730      ,  -2.4922199565191583E-004 ,   1.9643623211378952E-003 ,  -38559.230632701365      ,   5.8784007775773100E-005 ,   2.2961946309140620E-004 ,   1.1286746516818954E-002 ,  0.63293905838229847      ,   3.7503572851629771E-004 , -0.10671629098465926      ,  -1.0542332924868867E-002 ,   0.0000000000000000      ,   0.0000000000000000      ,   0.0000000000000000      ,   0.0000000000000000      ,   0.0000000000000000     
   10.849400518323234      ,   1.2576745200831851E-017 ,  -2.1736677758299228E-002 ,  -109.82104878766626      ,   1.6411965852015785E-002 ,   2.0543663927116922E-002 ,   2303.1642008028903      ,  -2.7086553255147705E-004 ,   1.3107096561103633E-003 ,  -36241.217584940576      ,   6.4984621133758834E-005 ,   1.5564844964704159E-004 ,   1.2723422065188486E-002 ,  0.29246607670145036      ,  -3.3306457199522885E-006 , -0.10775652109268004      ,  -1.0740380850065200E-002 ,   0.0000000000000000      ,   0.0000000000000000      ,   0.0000000000000000      ,   0.0000000000000000      ,   0.0000000000000000     
   10.696543700860580      ,   5.9847959921199845E-017 ,  -2.4693006614913051E-003 ,  -106.74359307263518      ,   1.7081341298485309E-002 ,   2.2721414383394180E-002 ,   2207.0399535378024      ,  -2.7680135077234565E-004 ,   1.9268851549110970E-004 ,  -34238.737394920332      ,   6.8263552212345749E-005 ,   1.1541239562470753E-004 ,   1.3722411060125851E-002 ,  -5.7707750881852871E-002 ,  -1.9280976347921597E-004 , -0.10843390244571705      ,  -1.0869940634963809E-002 ,   0.0000000000000000      ,   0.0000000000000000      ,   0.0000000000000000      ,   0.0000000000000000      ,   0.0000000000000000     
   10.555877817570567      ,  -2.0816681711721685E-017 ,   1.7064912312358238E-002 ,  -103.95014299404819      ,   1.7540620199885684E-002 ,   2.3857922321676810E-002 ,   2120.9773483617073      ,  -2.6075105969763175E-004 ,  -1.1338286593845653E-003 ,  -32470.331782790541      ,   6.8809761163430135E-005 ,   1.6292795559098936E-004 ,   1.4335630439631345E-002 , -0.39039934633319617      ,  -3.4863460789175002E-004 , -0.10888951321925916      ,  -1.0956411127822231E-002 ,   0.0000000000000000      ,   0.0000000000000000      ,   0.0000000000000000      ,   0.0000000000000000      ,   0.0000000000000000     
   10.418890684240203      ,   3.9898639947466563E-017 ,   3.0339644802903385E-002 ,  -101.26439150439738      ,   1.7930800469981020E-002 ,   2.4455011618529067E-002 ,   2039.3165487584188      ,  -2.4000109886892856E-004 ,  -2.1111941428113884E-003 ,  -30814.348921128534      ,   6.9692910235167753E-005 ,   2.5711904183681346E-004 ,   1.4842234322350770E-002 , -0.60464640884681420      ,  -5.7516853111698593E-004 , -0.10928570741483037      ,  -1.1030447499927019E-002 ,   0.0000000000000000      ,   0.0000000000000000      ,   0.0000000000000000      ,   0.0000000000000000      ,   0.0000000000000000     
   10.284713703721817      ,  -1.2143064331837650E-017 ,   3.3439258296581231E-002 ,  -98.666263270881601      ,   1.8192107318184769E-002 ,   2.5504752307730860E-002 ,   1961.3448735675438      ,  -2.1267036178009160E-004 ,  -2.4117298733421391E-003 ,  -29253.688395374033      ,   7.0781822570127950E-005 ,   2.9919161277180094E-004 ,   1.5345800562044787E-002 , -0.64102476254306806      ,  -6.9555908619454662E-004 , -0.10954457207228709      ,  -1.1076380279588018E-002 ,   0.0000000000000000      ,   0.0000000000000000      ,   0.0000000000000000      ,   0.0000000000000000      ,   0.0000000000000000     
   10.157209994701516      ,  -8.3266726846886741E-017 ,   3.0413120023139843E-002 ,  -96.227215320685545      ,   1.8245976625810525E-002 ,   2.6908330830280450E-002 ,   1889.0763461692500      ,  -1.7680038681918358E-004 ,  -2.2737295964615854E-003 ,  -27825.537574076014      ,   7.0808127493377160E-005 ,   2.8896900040630219E-004 ,   1.5754728714448385E-002 , -0.57684251321898472      ,  -6.9822577334313705E-004 , -0.10960365617371542      ,  -1.1081372672678206E-002 ,   0.0000000000000000      ,   0.0000000000000000      ,   0.0000000000000000      ,   0.0000000000000000      ,   0.0000000000000000     
   10.034526147236425      ,   5.0306980803327406E-017 ,   2.5051538093141153E-002 ,  -93.908212338463997      ,   1.8103196463990185E-002 ,   2.8387004603533349E-002 ,   1821.2092955171595      ,  -1.4440538169157246E-004 ,  -1.9527752498457967E-003 ,  -26500.849559798982      ,   6.9998711009560720E-005 ,   2.6379500379843915E-004 ,   1.6113593470664017E-002 , -0.47735273970367231      ,  -6.8741378016473132E-004 , -0.10945720141132483      ,  -1.1044059886582396E-002 ,   0.0000000000000000      ,   0.0000000000000000      ,   0.0000000000000000      ,   0.0000000000000000      ,   0.0000000000000000     
   9.9084968470235530      ,   1.4745149545802860E-017 ,   1.8712670445254966E-002 ,  -91.555123032721681      ,   1.7780315025852526E-002 ,   2.9796525766526222E-002 ,   1753.1961294982352      ,  -1.1981264570085362E-004 ,  -1.5341688556581284E-003 ,  -25189.718021111446      ,   6.8682439253901431E-005 ,   2.4161988489260585E-004 ,   1.6487294205498961E-002 , -0.36041945877224590      ,  -5.9306356603009217E-004 , -0.10914015077211811      ,  -1.0971692824741638E-002 ,   0.0000000000000000      ,   0.0000000000000000      ,   0.0000000000000000      ,   0.0000000000000000      ,   0.0000000000000000     
   9.7720830346457088      ,  -3.6429192995512949E-017 ,   1.4147142956330041E-002 ,  -89.041721423817123      ,   1.7277378530803175E-002 ,   3.0889797541554190E-002 ,   1681.5087628423182      ,  -9.6825781667407066E-005 ,  -1.2064657516259445E-003 ,  -23825.999740155516      ,   6.6234777889892071E-005 ,   2.3633751821738365E-004 ,   1.6929113997083155E-002 , -0.27080029994490246      ,  -4.3217608843920414E-004 , -0.10863226903252526      ,  -1.0861508604428027E-002 ,   0.0000000000000000      ,   0.0000000000000000      ,   0.0000000000000000      ,   0.0000000000000000      ,   0.0000000000000000     
   9.6233895153292117      ,  -3.9031278209478160E-017 ,   1.3472356602795641E-002 ,  -86.341471595102377      ,   1.6580344788277988E-002 ,   3.1466233707572427E-002 ,   1605.6122117119562      ,  -6.9914432770592185E-005 ,  -1.1519072538843625E-003 ,  -22403.197111048772      ,   6.2264393930904361E-005 ,   2.4496446042200366E-004 ,   1.7358012978280071E-002 , -0.24604486177560067      ,  -2.9597944060133637E-004 , -0.10794167657161552      ,  -1.0715472801520905E-002 ,   0.0000000000000000      ,   0.0000000000000000      ,   0.0000000000000000      ,   0.0000000000000000      ,   0.0000000000000000     
   9.4631375977201699      ,   6.9388939039072284E-018 ,   1.6394535874256513E-002 ,  -83.477012990141532      ,   1.5727122209555734E-002 ,   3.1440166287711693E-002 ,   1526.3883712337390      ,  -3.9813152859938364E-005 ,  -1.3942503744054787E-003 ,  -20941.768952630271      ,   5.7379047932262347E-005 ,   2.6207077176678827E-004 ,   1.7745957709787839E-002 , -0.28232085547535490      ,  -2.0320769068033823E-004 , -0.10708185058201503      ,  -1.0537793316599228E-002 ,   0.0000000000000000      ,   0.0000000000000000      ,   0.0000000000000000      ,   0.0000000000000000      ,   0.0000000000000000     
   9.2920353987200883      ,   1.0408340855860843E-017 ,   2.1535586656263636E-002 ,  -80.470724368597757      ,   1.4706043521637652E-002 ,   3.0856780001296887E-002 ,   1444.6925058977781      ,  -1.0724761242178129E-005 ,  -1.8194811872266348E-003 ,  -19461.018137637984      ,   5.1720368176740329E-005 ,   2.9060419850910550E-004 ,   1.8088326657615131E-002 , -0.35530127363506858      ,  -1.2883878994362659E-004 , -0.10606935165761597      ,  -1.0331529394024236E-002 ,   0.0000000000000000      ,   0.0000000000000000      ,   0.0000000000000000      ,   0.0000000000000000      ,   0.0000000000000000     
   9.1091782590584351      ,  -3.9031278209478160E-018 ,   2.7539214389649670E-002 ,  -77.317999308553553      ,   1.3555982424288810E-002 ,   2.9948358071448508E-002 ,   1360.6422617413464      ,   1.5016614696755014E-005 ,  -2.2755749461055765E-003 ,  -17966.471788930499      ,   4.5849750972532370E-005 ,   3.2862945513130676E-004 ,   1.8401543242115147E-002 , -0.44040969088681436      ,  -6.4994976563425620E-005 , -0.10490959092759290      ,  -1.0100417678868717E-002 ,   0.0000000000000000      ,   0.0000000000000000      ,   0.0000000000000000      ,   0.0000000000000000      ,   0.0000000000000000     
   8.9101465020681463      ,   1.7347234759768071E-017 ,   3.3256436954584988E-002 ,  -73.958002572121089      ,   1.2296273145399739E-002 ,   2.8951378353810515E-002 ,   1272.9339963856971      ,   3.5480073069066652E-005 ,  -2.6650422921433497E-003 ,  -16439.376306879123      ,   3.9947093302397399E-005 ,   3.6966694207082710E-004 ,   1.8574212698268248E-002 , -0.51761510472585215      ,  -1.2478865802792917E-005 , -0.10366110014985649      ,  -9.8551070679340057E-003 ,   0.0000000000000000      ,   0.0000000000000000      ,   0.0000000000000000      ,   0.0000000000000000      ,   0.0000000000000000     
   8.6868365510270973      ,  -2.1684043449710089E-017 ,   3.7908127403140993E-002 ,  -70.277641054896520      ,   1.0995161997877163E-002 ,   2.8017446111651412E-002 ,   1179.1245924366383      ,   4.9426082386061973E-005 ,  -2.9376848644257292E-003 ,  -14844.468951914489      ,   3.4299386852022887E-005 ,   4.0490374042078975E-004 ,   1.8575660801870997E-002 , -0.57401202065090384      ,   3.2399382893635275E-005 , -0.10234691472120004      ,  -9.6030289886521406E-003 ,   0.0000000000000000      ,   0.0000000000000000      ,   0.0000000000000000      ,   0.0000000000000000      ,   0.0000000000000000     
   8.4289056988586779      ,   2.5587171270657905E-017 ,   4.1149370149615894E-002 ,  -66.144655394771902      ,   9.6353871379165137E-003 ,   2.7177605264665929E-002 ,   1076.6707296614443      ,   5.5860647780330648E-005 ,  -3.0798988510767171E-003 ,  -13150.366532392807      ,   2.8658511201106093E-005 ,   4.2900645102601439E-004 ,   1.8282378808571659E-002 , -0.60410957024519862      ,   6.3618412685904018E-005 , -0.10100157373318348      ,  -9.3483758431049009E-003 ,   0.0000000000000000      ,   0.0000000000000000      ,   0.0000000000000000      ,   0.0000000000000000      ,   0.0000000000000000     
   8.1251799389007466      ,  -2.4502969098172400E-017 ,   4.2876277229233595E-002 ,  -61.439883265496867      ,   8.2802980604219489E-003 ,   2.6335291173336446E-002 ,   963.88364076334506      ,   5.5696581038719962E-005 ,  -3.1069220947671401E-003 ,  -11346.734640708994      ,   2.3313158165431400E-005 ,   4.4163182905348933E-004 ,   1.7714751801304027E-002 , -0.60645046411439463      ,   7.0173717685998230E-005 ,  -9.9629290002932080E-002 ,  -9.0952187987722657E-003 ,   0.0000000000000000      ,   0.0000000000000000      ,   0.0000000000000000      ,   0.0000000000000000      ,   0.0000000000000000     
   7.7635761347140892      ,   1.5395670849294163E-017 ,   4.3120032275258055E-002 ,  -56.066861176064904      ,   6.8840514710457445E-003 ,   2.5293658700149109E-002 ,   840.26949151497126      ,   4.8891374828258618E-005 ,  -3.0377352629820699E-003 ,  -9449.5140557717350      ,   1.7878330741089519E-005 ,   4.3578957922335310E-004 ,   1.6740565825342002E-002 , -0.58201143211427442      ,   5.1909742743526704E-005 ,  -9.8251503254593198E-002 ,  -8.8442866357367200E-003 ,   0.0000000000000000      ,   0.0000000000000000      ,   0.0000000000000000      ,   0.0000000000000000      ,   0.0000000000000000     
   7.3309787380743394      ,  -1.9515639104739080E-017 ,   4.2129375550656128E-002 ,  -49.964534449448799      ,   5.5449143302654111E-003 ,   2.3840167923102243E-002 ,   706.91101450580265      ,   3.8459361333931477E-005 ,  -2.8600483228502123E-003 ,  -7505.0612699877911      ,   1.2965885596295555E-005 ,   4.0280956521897835E-004 ,   1.5461371356039654E-002 , -0.53550917712961599      ,   2.7254745840855619E-005 ,  -9.6890516977511526E-002 ,  -8.6028606015764175E-003 ,   0.0000000000000000      ,   0.0000000000000000      ,   0.0000000000000000      ,   0.0000000000000000      ,   0.0000000000000000     
   6.8124553401300574      ,   1.9298798670241979E-017 ,   4.0316732414553219E-002 ,  -43.117027582089129      ,   4.2143868515050449E-003 ,   2.1921368099426020E-002 ,   566.71049577235965      ,   2.5836372494765862E-005 ,  -2.5510153334813491E-003 ,  -5589.4670397722311      ,   8.3985567972193182E-006 ,   3.4517203626495928E-004 ,   1.3700090053082641E-002 , -0.47421211614883074      ,   1.6737853246864445E-005 ,  -9.5582357626144254E-002 ,  -8.3740196662844320E-003 ,   0.0000000000000000      ,   0.0000000000000000      ,   0.0000000000000000      ,   0.0000000000000000      ,   0.0000000000000000     
   6.1911241952981744      ,  -1.5287250632045613E-017 ,   3.7958583740124299E-002 ,  -35.581443950446364      ,   3.0415919611730376E-003 ,   1.9633154258798354E-002 ,   424.85793195486326      ,   1.4712528222939365E-005 ,  -2.1388149894216919E-003 ,  -3806.9163497737563      ,   4.9452266722366414E-006 ,   2.7523623270151126E-004 ,   1.1577060829601591E-002 , -0.40361451113199764      ,   2.5608615090237552E-005 ,  -9.4384162099493490E-002 ,  -8.1688283333566161E-003 ,   0.0000000000000000      ,   0.0000000000000000      ,   0.0000000000000000      ,   0.0000000000000000      ,   0.0000000000000000     
   5.4491385556111895      ,   1.2359904766334751E-017 ,   3.4913804876973847E-002 ,  -27.537235162718201      ,   1.9569591235474356E-003 ,   1.7057079153527967E-002 ,   289.27742497101599      ,   6.2504733786536260E-006 ,  -1.6748673984370011E-003 ,  -2280.5213254290720      ,   2.3222499577932178E-006 ,   2.0509327626324654E-004 ,   8.8889878823750820E-003 , -0.32495321070689231      ,   4.0104657010777645E-005 ,  -9.3323889874322372E-002 ,  -7.9907601287328225E-003 ,   0.0000000000000000      ,   0.0000000000000000      ,   0.0000000000000000      ,   0.0000000000000000      ,   0.0000000000000000     
   4.5724900815411811      ,  -1.0625181290357943E-017 ,   3.0647993590631622E-002 ,  -19.368736527136836      ,   1.1366881764716874E-003 ,   1.4156059664457090E-002 ,   170.65443286255015      ,   1.9958002912123998E-006 ,  -1.1915117327207893E-003 ,  -1128.4404197611734      ,   9.0915353863019911E-007 ,   1.3815546815801338E-004 ,   6.0225395371834500E-003 , -0.23818633040574666      ,   4.3512164937902304E-005 ,  -9.2478939801462504E-002 ,  -7.8495195630187142E-003 ,   0.0000000000000000      ,   0.0000000000000000      ,   0.0000000000000000      ,   0.0000000000000000      ,   0.0000000000000000     
   3.5593330675229473      ,   8.8904578143811364E-018 ,   2.4616088089525243E-002 ,  -11.723939194041055      ,   4.8671337711314746E-004 ,   1.0819296751857523E-002 ,   80.373221610363970      ,   3.4330521121240570E-007 ,  -7.1710896198584552E-004 ,  -413.53787918937996      ,   1.9665025653873035E-007 ,   7.7598635332871190E-005 ,   3.1231337128440361E-003 , -0.14832101622936664      ,   2.6173839787757927E-005 ,  -9.1849565652435586E-002 ,  -7.7494637746581309E-003 ,   0.0000000000000000      ,   0.0000000000000000      ,   0.0000000000000000      ,   0.0000000000000000      ,   0.0000000000000000     
   2.4301248832430744      ,  -7.8062556418956319E-018 ,   1.6882818634835619E-002 ,  -5.4608881813785697      ,   1.4864679893439173E-004 ,   6.9034057791331586E-003 ,   25.552098944298329      ,   3.4354769201497285E-009 ,  -3.0656988825603489E-004 ,  -89.737473843640487      ,   2.2411179578764340E-008 ,   3.0891811018098422E-005 ,   1.0876128278109645E-003 ,  -6.9217970401300066E-002 ,   5.8411941192702954E-006 ,  -9.1495056934491309E-002 ,  -7.6907203725453547E-003 ,   0.0000000000000000      ,   0.0000000000000000      ,   0.0000000000000000      ,   0.0000000000000000      ,   0.0000000000000000     
   1.2293116183362918      ,   5.6920614055488983E-018 ,   8.4110553575948988E-003 ,  -1.3969956050216714      ,   6.4472167793010548E-006 ,   2.5304346338339018E-003 ,   3.3062846997450586      ,  -3.3469780259323393E-010 ,  -5.4266370854727175E-005 ,  -5.8732473280685848      ,   4.8119358623834488E-011 ,   4.2713957992785942E-006 ,   1.0474116318090791E-004 ,  -1.7394872445349020E-002 ,  -8.7824558195046256E-008 ,  -9.1362320823359322E-002 ,  -7.6722884659643680E-003 ,   0.0000000000000000      ,   0.0000000000000000      ,   0.0000000000000000      ,   0.0000000000000000      ,   0.0000000000000000     
   1.4558378780933287E-022 ,   0.0000000000000000      ,  -1.0385666180909539E-020 ,   2.2531806751348832E-012 ,   0.0000000000000000      ,   1.8102395852577225E-012 ,  -5.8919394565521090E-019 ,   0.0000000000000000      ,   2.0411458629187446E-019 ,   8.4579654960670699E-024 ,   0.0000000000000000      ,   5.3661819932404118E-024 ,   0.0000000000000000      ,   1.1422747209841257E-042 ,   0.0000000000000000      ,  -9.1343869074542283E-002 ,  -7.6664851925415138E-003 ,   0.0000000000000000      ,   0.0000000000000000      ,   0.0000000000000000      ,   0.0000000000000000      ,   0.0000000000000000     
