 mean[u],mean[v],mean[w],var[u],var[v],var[w],skew[u],skew[v],skew[w],kurt[u],kurt[v],kurt[w],<u'v'>,<u'w'>,<v'w'>,mean[p],var[p],mean[phi],var[phi],<u'phi'>,<v'phi'>,<w'phi'>
  -3.6726819197354429E-022 ,   0.0000000000000000      ,  -3.2602289868011895E-021 ,   1.5656914304897426E-012 ,   0.0000000000000000      ,   9.8677199506114204E-013 ,  -1.0644211365607406E-019 ,   0.0000000000000000      ,  -6.0397504036519051E-020 ,   2.9348187332456251E-024 ,   0.0000000000000000      ,   1.2935025182247349E-024 ,   0.0000000000000000      ,  -2.2631140093134593E-042 ,   0.0000000000000000      ,  -6.3174147029355032E-002 ,  -3.5212525705756977E-003 ,   0.0000000000000000      ,   0.0000000000000000      ,   0.0000000000000000      ,   0.0000000000000000      ,   0.0000000000000000     
  0.80486647053211335      ,  -3.8895752937917472E-018 ,   2.2451856607485251E-003 , -0.57492544542586321      ,   3.1282254276354242E-006 ,   1.3984792356643747E-003 ,  0.87418077757116297      ,   2.9565304909756311E-010 ,  -9.9570323482637700E-006 , -0.99857608069802373      ,   7.1200368883784410E-012 ,   1.0081289790144128E-006 ,  -5.9924755890137928E-005 ,  -2.1618158879585826E-003 ,  -3.5355045807936826E-007 ,  -6.3182869896439314E-002 ,  -3.5236557971269765E-003 ,   0.0000000000000000      ,   0.0000000000000000      ,   0.0000000000000000      ,   0.0000000000000000      ,   0.0000000000000000     
   1.5915554509772889      ,   5.8817967857338616E-018 ,   4.5271712158773611E-003 ,  -2.2486004480744253      ,   7.3668219688765186E-005 ,   3.9805948995891910E-003 ,   6.7613829581219278      ,   2.8113640329479207E-008 ,  -5.2896576568389660E-005 ,  -15.273554793868996      ,   3.7503034453798435E-009 ,   7.4235596000784314E-006 ,  -6.4388702428490048E-004 ,  -8.6288811540418536E-003 ,  -5.3212036581477559E-006 ,  -6.3248858957176801E-002 ,  -3.5290471131056186E-003 ,   0.0000000000000000      ,   0.0000000000000000      ,   0.0000000000000000      ,   0.0000000000000000      ,   0.0000000000000000     
   2.3324222042426532      ,  -4.9873299934333204E-018 ,   6.7104560088699595E-003 ,  -4.8336064501864895      ,   2.4997077796437133E-004 ,   6.5267318842452890E-003 ,   21.306976410584049      ,   5.2136724500498233E-008 ,  -1.2319475513365447E-004 ,  -70.554557186395272      ,   4.1089041890607453E-008 ,   1.8260292598156263E-005 ,  -1.9098897108530892E-003 ,  -1.8768374319790733E-002 ,  -1.5533637109493758E-005 ,  -6.3433227939760362E-002 ,  -3.5492166976208764E-003 ,   0.0000000000000000      ,   0.0000000000000000      ,   0.0000000000000000      ,   0.0000000000000000      ,   0.0000000000000000     
   2.9971752437125763      ,   1.3118846287074604E-017 ,   8.5848954314451248E-003 ,  -7.9930055228649408      ,   6.0346907242130412E-004 ,   8.8831199581889900E-003 ,   45.300900040705116      ,  -2.7312267690062093E-007 ,  -2.1225069248385263E-004 ,  -192.84777801016958      ,   2.3037517437137648E-007 ,   3.2053598860396974E-005 ,  -3.7765416211692337E-003 ,  -3.0992944722595055E-002 ,  -2.8409851986992572E-005 ,  -6.3776478993597924E-002 ,  -3.5843746039998514E-003 ,   0.0000000000000000      ,   0.0000000000000000      ,   0.0000000000000000      ,   0.0000000000000000      ,   0.0000000000000000     
   3.5709192758914030      ,  -1.0842021724855044E-017 ,   1.0005250485142250E-002 ,  -11.363855110415757      ,   1.0763131705166695E-003 ,   1.1024721909790767E-002 ,   76.782180935664826      ,  -1.6247331533016267E-006 ,  -3.1065052654652761E-004 ,  -389.64176679970706      ,   6.9590631212972501E-007 ,   4.8321404491549556E-005 ,  -5.6742516915807050E-003 ,  -4.3501729112034732E-002 ,  -3.3893873687961688E-005 ,  -6.4261948733278493E-002 ,  -3.6375537406969031E-003 ,   0.0000000000000000      ,   0.0000000000000000      ,   0.0000000000000000      ,   0.0000000000000000      ,   0.0000000000000000     
   4.0544629733095690      ,   1.5395670849294163E-017 ,   1.0798854775879151E-002 ,  -14.670824650417126      ,   1.7265845992286985E-003 ,   1.2943714195318024E-002 ,   112.61494292163816      ,  -4.7270483943819371E-006 ,  -4.0497703581943487E-004 ,  -649.19235800941124      ,   1.6850593521343800E-006 ,   6.5962564576616065E-005 ,  -7.4796450465955747E-003 ,  -5.4182122190435486E-002 ,  -2.9394921521554062E-005 ,  -6.4899637672382687E-002 ,  -3.7074641555514551E-003 ,   0.0000000000000000      ,   0.0000000000000000      ,   0.0000000000000000      ,   0.0000000000000000      ,   0.0000000000000000     
   4.4577536795435702      ,  -1.3877787807814457E-017 ,   1.0846999076376977E-002 ,  -17.756289563903763      ,   2.4669340732013318E-003 ,   1.4627802226448347E-002 ,   149.93286400822333      ,  -9.5247563774599807E-006 ,  -4.7525884534003115E-004 ,  -950.71352617770094      ,   3.2261558597778483E-006 ,   8.3228487997525835E-005 ,  -8.9343944817031305E-003 ,  -6.1064064759667039E-002 ,  -2.4790914909199764E-006 ,  -6.5653486046975185E-002 ,  -3.7917384392588903E-003 ,   0.0000000000000000      ,   0.0000000000000000      ,   0.0000000000000000      ,   0.0000000000000000      ,   0.0000000000000000     
   4.7937651666923227      ,   4.1199682554449168E-018 ,   1.0256989436097605E-002 ,  -20.554989798503435      ,   3.3388449446918236E-003 ,   1.6060740927154964E-002 ,   186.72750017948883      ,  -1.5545576898009453E-005 ,  -5.1127486791689475E-004 ,  -1273.7536939622728      ,   5.5338701815362089E-006 ,   9.9328971324918929E-005 ,  -1.0167841604244958E-002 ,  -6.3738471375960004E-002 ,   5.0097493673216088E-005 ,  -6.6513426671619635E-002 ,  -3.8899238246936849E-003 ,   0.0000000000000000      ,   0.0000000000000000      ,   0.0000000000000000      ,   0.0000000000000000      ,   0.0000000000000000     
   5.0749659704832393      ,  -1.0842021724855044E-017 ,   9.2344580629736064E-003 ,  -23.056804509006099      ,   4.2607926900853467E-003 ,   1.7259827398773367E-002 ,   221.82069648915729      ,  -2.1408308001937640E-005 ,  -5.1633570026283528E-004 ,  -1602.4089108954577      ,   8.3571247630175354E-006 ,   1.1186709031409676E-004 ,  -1.1104497190759458E-002 ,  -6.2926951888704383E-002 ,   1.2203859095433253E-004 ,  -6.7447381259697819E-002 ,  -3.9978852965872310E-003 ,   0.0000000000000000      ,   0.0000000000000000      ,   0.0000000000000000      ,   0.0000000000000000      ,   0.0000000000000000     
   5.3125276678158917      ,   2.2985086056692694E-017 ,   7.8718662369223064E-003 ,  -25.283923030272931      ,   5.2590834920654148E-003 ,   1.8285075238096807E-002 ,   254.71025728859669      ,  -2.6284401640703407E-005 ,  -4.8985064186265494E-004 ,  -1926.6470290831958      ,   1.1727475777814784E-005 ,   1.1955893745451776E-004 ,  -1.1856789106819436E-002 ,  -5.8986547391917873E-002 ,   2.0270442079906915E-004 ,  -6.8435533516090760E-002 ,  -4.1154067750052408E-003 ,   0.0000000000000000      ,   0.0000000000000000      ,   0.0000000000000000      ,   0.0000000000000000      ,   0.0000000000000000     
   5.5159845627975335      ,  -1.4745149545802860E-017 ,   6.2846054472041977E-003 ,  -27.274173927322646      ,   6.2707335036076162E-003 ,   1.9185936229098755E-002 ,   285.35632270350578      ,  -2.8760799420185406E-005 ,  -4.3196980836313016E-004 ,  -2241.6353298498007      ,   1.5329291140581277E-005 ,   1.2454973426926088E-004 ,  -1.2368327148898869E-002 ,  -5.2794390886093480E-002 ,   2.9349942630146073E-004 ,  -6.9456764660756370E-002 ,  -4.2385898179063200E-003 ,   0.0000000000000000      ,   0.0000000000000000      ,   0.0000000000000000      ,   0.0000000000000000      ,   0.0000000000000000     
   5.6929845296788066      ,   2.1250362580715887E-017 ,   4.8285569496122806E-003 ,  -29.067749553317391      ,   7.3061571434391518E-003 ,   1.9894924931455622E-002 ,   313.95014618610901      ,  -2.7759457609102351E-005 ,  -3.5595498921960371E-004 ,  -2545.8995816512852      ,   1.9301877461413405E-005 ,   1.2880248833292758E-004 ,  -1.2735350550472565E-002 ,  -4.7334390311319391E-002 ,   3.9631740809797922E-004 ,  -7.0484295302337283E-002 ,  -4.3661937848349158E-003 ,   0.0000000000000000      ,   0.0000000000000000      ,   0.0000000000000000      ,   0.0000000000000000      ,   0.0000000000000000     
   5.8490139669611381      ,  -1.7347234759768071E-018 ,   3.9789945758988768E-003 ,  -30.696512582967880      ,   8.3013523303898593E-003 ,   2.0275278976220317E-002 ,   340.69302486936169      ,  -2.1674049669140497E-005 ,  -2.8837622900669454E-004 ,  -2838.9653449635198      ,   2.3482530270524407E-005 ,   1.3038715022898771E-004 ,  -1.2954961324833003E-002 ,  -4.6576353071925924E-002 ,   5.0163099764307924E-004 ,  -7.1486721334578368E-002 ,  -4.4924572576653908E-003 ,   0.0000000000000000      ,   0.0000000000000000      ,   0.0000000000000000      ,   0.0000000000000000      ,   0.0000000000000000     
   5.9881602805342595      ,   1.5178830414797062E-017 ,   4.1190998952875726E-003 ,  -32.186413697628780      ,   9.2385993842184488E-003 ,   2.0318839012263352E-002 ,   365.78587538719012      ,  -1.0598014800990107E-005 ,  -2.6967633333279143E-004 ,  -3121.0207725328009      ,   2.7893272575658868E-005 ,   1.2962200366985739E-004 ,  -1.3102252264358731E-002 ,  -5.3827011043192083E-002 ,   5.9629611327158261E-004 ,  -7.2418152457191756E-002 ,  -4.6129534006736604E-003 ,   0.0000000000000000      ,   0.0000000000000000      ,   0.0000000000000000      ,   0.0000000000000000      ,   0.0000000000000000     
   6.1137485062165169      ,  -1.4745149545802860E-017 ,   5.3823612993551349E-003 ,  -33.561130203939499      ,   1.0055026004481517E-002 ,   2.0154533587629607E-002 ,   389.46026974183485      ,   4.5556685156104521E-006 ,  -3.1768091501974409E-004 ,  -3393.1186173126334      ,   3.2170959576993418E-005 ,   1.2859732100619622E-004 ,  -1.3175401118814807E-002 ,  -7.0583980632789853E-002 ,   6.6907786798213551E-004 ,  -7.3239582425690550E-002 ,  -4.7209930311167990E-003 ,   0.0000000000000000      ,   0.0000000000000000      ,   0.0000000000000000      ,   0.0000000000000000      ,   0.0000000000000000     
   6.2286909169355358      ,   1.4745149545802860E-017 ,   7.5329510705905633E-003 ,  -34.843969214353152      ,   1.0731306823377685E-002 ,   1.9882978053952557E-002 ,   411.99465950577957      ,   2.2292846398043771E-005 ,  -4.1706794133729096E-004 ,  -3657.2931699286564      ,   3.6155252521316075E-005 ,   1.2789741135562404E-004 ,  -1.3218315130916180E-002 ,  -9.5202347413617466E-002 ,   7.2488995458293781E-004 ,  -7.3911828675119501E-002 ,  -4.8119559772517827E-003 ,   0.0000000000000000      ,   0.0000000000000000      ,   0.0000000000000000      ,   0.0000000000000000      ,   0.0000000000000000     
   6.3360097322901563      ,  -1.6913553890773869E-017 ,   1.0085104403411748E-002 ,  -36.063005999594409      ,   1.1249207682794499E-002 ,   1.9488244057665815E-002 ,   433.79648740010293      ,   4.1790842594748163E-005 ,  -5.5131532635655347E-004 ,  -3917.5089283682664      ,   3.9739552839826496E-005 ,   1.2790635788966531E-004 ,  -1.3202456013192844E-002 , -0.12330941323922139      ,   7.8403722075576937E-004 ,  -7.4432504710023148E-002 ,  -4.8833758043890559E-003 ,   0.0000000000000000      ,   0.0000000000000000      ,   0.0000000000000000      ,   0.0000000000000000      ,   0.0000000000000000     
   6.4395204470445337      ,   1.3877787807814457E-017 ,   1.2474724535148082E-002 ,  -37.258619853587042      ,   1.1645900153290544E-002 ,   1.8969125307456751E-002 ,   455.54023567648528      ,   6.1687908955287266E-005 ,  -6.9174560179175349E-004 ,  -4181.4075725758739      ,   4.3016992750287646E-005 ,   1.2903722506287966E-004 ,  -1.3087286768010249E-002 , -0.14921594694262141      ,   8.4764745027476884E-004 ,  -7.4826665171991324E-002 ,  -4.9380709143720860E-003 ,   0.0000000000000000      ,   0.0000000000000000      ,   0.0000000000000000      ,   0.0000000000000000      ,   0.0000000000000000     
   6.5425404974603776      ,   6.5052130349130266E-018 ,   1.4236413451251711E-002 ,  -38.467831214153264      ,   1.1926648749727851E-002 ,   1.8480067332956596E-002 ,   477.88883023508578      ,   8.0943533919770254E-005 ,  -7.8001041950830779E-004 ,  -4457.0544300593901      ,   4.5735558892067603E-005 ,   1.3310108134942839E-004 ,  -1.2815837801130632E-002 , -0.16774918129420330      ,   8.7862569577335816E-004 ,  -7.5108547559977507E-002 ,  -4.9775451113450945E-003 ,   0.0000000000000000      ,   0.0000000000000000      ,   0.0000000000000000      ,   0.0000000000000000      ,   0.0000000000000000     
   6.6462079289714326      ,   3.0357660829594124E-017 ,   1.5326117848545102E-002 ,  -39.703405391946866      ,   1.2064410370707048E-002 ,   1.8075348814534771E-002 ,   501.09078621813580      ,   9.7893925215082248E-005 ,  -8.0054374267897704E-004 ,  -4747.8119262847722      ,   4.7317833463193374E-005 ,   1.3775655344665903E-004 ,  -1.2395867707793320E-002 , -0.17725522934490706      ,   8.3415529649264364E-004 ,  -7.5245628785994223E-002 ,  -4.9988686384108789E-003 ,   0.0000000000000000      ,   0.0000000000000000      ,   0.0000000000000000      ,   0.0000000000000000      ,   0.0000000000000000     
   6.7505934456732977      ,  -1.2414114874959026E-017 ,   1.5554443653326921E-002 ,  -40.966654928843518      ,   1.2029970947592297E-002 ,   1.7469044020008952E-002 ,   525.18900030479585      ,   1.1369132641487909E-004 ,  -7.5791296449514262E-004 ,  -5054.5920886256554      ,   4.7496737325854439E-005 ,   1.3034785420636293E-004 ,  -1.1807714634933205E-002 , -0.17514452074345871      ,   6.9034360775805216E-004 ,  -7.5209256031502331E-002 ,  -4.9986755887426251E-003 ,   0.0000000000000000      ,   0.0000000000000000      ,   0.0000000000000000      ,   0.0000000000000000      ,   0.0000000000000000     
   6.8548936965030460      ,   2.3039296165316969E-017 ,   1.4214995159818640E-002 ,  -42.248035404941000      ,   1.1828634850238991E-002 ,   1.6592865898907929E-002 ,   550.01596877776888      ,   1.3138048813278244E-004 ,  -6.2191525368663367E-004 ,  -5375.5976169307469      ,   4.6935319447877964E-005 ,   1.1116455949290830E-004 ,  -1.1144727052777076E-002 , -0.15509599883583136      ,   4.9691256207545743E-004 ,  -7.5009310632716236E-002 ,  -4.9777979786441214E-003 ,   0.0000000000000000      ,   0.0000000000000000      ,   0.0000000000000000      ,   0.0000000000000000      ,   0.0000000000000000     
   6.9585023849408438      ,   2.2985086056692694E-017 ,   1.1669554093778747E-002 ,  -43.539698231236429      ,   1.1432998131240310E-002 ,   1.5911614179047798E-002 ,   575.42666396273898      ,   1.4786524155958560E-004 ,  -4.6163684135144394E-004 ,  -5709.1959696890917      ,   4.5585389517272784E-005 ,   9.6603136952142562E-005 ,  -1.0455662418212421E-002 , -0.12267451667841708      ,   3.3153744404730416E-004 ,  -7.4610317502010456E-002 ,  -4.9310528120673621E-003 ,   0.0000000000000000      ,   0.0000000000000000      ,   0.0000000000000000      ,   0.0000000000000000      ,   0.0000000000000000     
   7.0658818654402360      ,   5.0957502106818708E-017 ,   1.0166045364451818E-002 ,  -44.898529259845887      ,   1.0824261314034566E-002 ,   1.5277026516615260E-002 ,   602.56878679920771      ,   1.5377089267308344E-004 ,  -4.3644445962751001E-004 ,  -6070.9888421802498      ,   4.2072380454125323E-005 ,   8.9687958094717898E-005 ,  -9.6554506671986898E-003 , -0.10402037976065573      ,   2.4741975392317744E-004 ,  -7.4002394823117254E-002 ,  -4.8584883758822656E-003 ,   0.0000000000000000      ,   0.0000000000000000      ,   0.0000000000000000      ,   0.0000000000000000      ,   0.0000000000000000     
   7.1814412926966007      ,  -5.8004816227974487E-017 ,   1.1546517131803493E-002 ,  -46.383571100531832      ,   1.0030856605009734E-002 ,   1.4085100194257037E-002 ,   632.70551885256259      ,   1.4996342446532850E-004 ,  -4.6635446116567877E-004 ,  -6479.1109637299778      ,   3.6169361612056649E-005 ,   8.0924216929545968E-005 ,  -8.7581413818869705E-003 , -0.12167762546211416      ,   3.0764717794199141E-004 ,  -7.3204582876245469E-002 ,  -4.7635916052871166E-003 ,   0.0000000000000000      ,   0.0000000000000000      ,   0.0000000000000000      ,   0.0000000000000000      ,   0.0000000000000000     
   7.3014689256195009      ,   5.8546917314217239E-017 ,   1.1944987865728552E-002 ,  -47.951097447099428      ,   9.1881165514669880E-003 ,   1.2311543695896501E-002 ,   665.04399435345158      ,   1.5247419058493430E-004 ,  -3.9749003620323422E-004 ,  -6924.3150073846755      ,   3.1109085942871204E-005 ,   6.1664829815421141E-005 ,  -7.7824303192471226E-003 , -0.13357628192725082      ,   3.4845412585264931E-004 ,  -7.2363631453024657E-002 ,  -4.6638161889760088E-003 ,   0.0000000000000000      ,   0.0000000000000000      ,   0.0000000000000000      ,   0.0000000000000000      ,   0.0000000000000000     
   7.4176386790523754      ,   0.0000000000000000      ,   6.4534298065153824E-003 ,  -49.493576854747559      ,   8.5095427731864508E-003 ,   1.0709749932843519E-002 ,   697.38525370350840      ,   1.5188951862874487E-004 ,  -1.7371912741930489E-004 ,  -7376.8237469002579      ,   2.7396149068859683E-005 ,   4.1858427420884328E-005 ,  -6.7474128161066592E-003 ,  -7.7631433426630245E-002 ,   3.4581684912720928E-004 ,  -7.1676885326892217E-002 ,  -4.5833912892162005E-003 ,   0.0000000000000000      ,   0.0000000000000000      ,   0.0000000000000000      ,   0.0000000000000000      ,   0.0000000000000000     
   7.5238746030093315      ,  -3.1225022567582528E-017 ,  -3.2779734591347836E-003 ,  -50.925968537401602      ,   7.8537883823475152E-003 ,   9.6096743878598956E-003 ,   727.87278222610666      ,   1.3164474305627083E-004 ,   1.0213274314950215E-004 ,  -7809.8474908576172      ,   2.2940025284998156E-005 ,   3.3124346745864311E-005 ,  -5.6552316087879395E-003 ,   3.1207039625958805E-002 ,   3.8341369621235321E-004 ,  -7.1030259643332025E-002 ,  -4.5080013423355741E-003 ,   0.0000000000000000      ,   0.0000000000000000      ,   0.0000000000000000      ,   0.0000000000000000      ,   0.0000000000000000     
   7.6171601367249870      ,  -8.6736173798840355E-019 ,  -1.4124408870366716E-002 ,  -52.201175798273631      ,   7.1722762604913984E-003 ,   8.5259061990487165E-003 ,   755.37766726925804      ,   1.0304743861337925E-004 ,   3.5097917386256488E-004 ,  -8205.7282819565407      ,   1.8907813731103665E-005 ,   3.7019111452731314E-005 ,  -4.4425747375942161E-003 ,  0.14974709757836840      ,   3.5937973534715605E-004 ,  -7.0335336337442808E-002 ,  -4.4254004926984700E-003 ,   0.0000000000000000      ,   0.0000000000000000      ,   0.0000000000000000      ,   0.0000000000000000      ,   0.0000000000000000     
   7.6968113725518741      ,   1.9081958235744878E-017 ,  -2.3087963673478748E-002 ,  -53.302218393834217      ,   6.9007823784451357E-003 ,   7.1548136659183035E-003 ,   779.39826073251675      ,   8.6176448996138104E-005 ,   4.6759977532562593E-004 ,  -8555.4201706246095      ,   1.8536700202073816E-005 ,   4.0651910399182556E-005 ,  -3.1294075388962985E-003 ,  0.24767042167112713      ,   2.2935943028696781E-004 ,  -7.0077282880847858E-002 ,  -4.3958169504088847E-003 ,   0.0000000000000000      ,   0.0000000000000000      ,   0.0000000000000000      ,   0.0000000000000000      ,   0.0000000000000000     
   7.7589211610601101      ,   4.4235448637408581E-017 ,  -3.0204616385066798E-002 ,  -54.168582022276382      ,   6.8920422724163639E-003 ,   6.3065463998343112E-003 ,   798.47461128547218      ,   5.2495528416335161E-005 ,   5.6221746323894129E-004 ,  -8835.7115188801763      ,   1.9333434244936114E-005 ,   5.0203342941229356E-005 ,  -1.6593020112465535E-003 ,  0.33687533020319194      ,   1.8037644651569857E-004 ,  -7.0061838449505517E-002 ,  -4.3959558591067822E-003 ,   0.0000000000000000      ,   0.0000000000000000      ,   0.0000000000000000      ,   0.0000000000000000      ,   0.0000000000000000     
   7.7819977492756998      ,  -1.3877787807814457E-017 ,  -3.6382161863696486E-002 ,  -54.492801433330690      ,   6.9483071619982888E-003 ,   5.9151176460265536E-003 ,   805.65236678774443      ,   7.2429888095643191E-006 ,   6.4173869913899365E-004 ,  -8941.7482160968739      ,   1.9789590104346396E-005 ,   6.1059277795588710E-005 ,   1.1793637309059662E-005 ,  0.41660786083849899      ,   2.6007633888358697E-004 ,  -7.0117416213963835E-002 ,  -4.4040334344885215E-003 ,   0.0000000000000000      ,   0.0000000000000000      ,   0.0000000000000000      ,   0.0000000000000000      ,   0.0000000000000000     
   7.7528873534402427      ,   7.8062556418956319E-018 ,  -2.9943475985064541E-002 ,  -54.084469146483734      ,   7.2147140263182086E-003 ,   6.5394156149829784E-003 ,   796.61538908327816      ,  -2.4551415524781964E-005 ,   5.2853801334892380E-004 ,  -8808.2886585884044      ,   2.0856705357285395E-005 ,   4.6594742147794806E-005 ,   1.6644414650036860E-003 ,  0.34112256414624487      ,   3.5126002020396735E-004 ,  -7.0385575821479196E-002 ,  -4.4362038975398034E-003 ,   0.0000000000000000      ,   0.0000000000000000      ,   0.0000000000000000      ,   0.0000000000000000      ,   0.0000000000000000     
   7.6831729137421645      ,   1.5612511283791264E-017 ,  -1.0691327208469895E-002 ,  -53.112579126618982      ,   7.4453876100465544E-003 ,   7.6421093614311838E-003 ,   775.24348885422921      ,  -4.5275660099955222E-005 ,   2.0668623825071606E-004 ,  -8494.6787871909983      ,   2.1976168381896219E-005 ,   2.5486623492084144E-005 ,   3.2575525842542755E-003 ,  0.12114594409108248      ,   3.0812260581113989E-004 ,  -7.0616898846172158E-002 ,  -4.4620671764155741E-003 ,   0.0000000000000000      ,   0.0000000000000000      ,   0.0000000000000000      ,   0.0000000000000000      ,   0.0000000000000000     
   7.5967699093933962      ,   6.0715321659188248E-018 ,   2.6236787143452877E-003 ,  -51.921996567326005      ,   7.6280771811575634E-003 ,   8.4878864025653700E-003 ,   749.32609863600169      ,  -7.2073699357556715E-005 ,  -6.6804841844539926E-005 ,  -8118.1956113962297      ,   2.2418134916809781E-005 ,   2.5397544035019329E-005 ,   4.6085764960272797E-003 ,  -2.1591309550822266E-002 ,   3.2312540124485186E-004 ,  -7.0800388874883768E-002 ,  -4.4821322974745934E-003 ,   0.0000000000000000      ,   0.0000000000000000      ,   0.0000000000000000      ,   0.0000000000000000      ,   0.0000000000000000     
   7.5035976799385384      ,  -3.9031278209478160E-018 ,   8.4941907284273345E-003 ,  -50.654422093599727      ,   8.0443711617548853E-003 ,   9.8825417264212113E-003 ,   722.05627605370375      ,  -1.0135128245004461E-004 ,  -2.5084643192360977E-004 ,  -7726.7107766189438      ,   2.4545522597638015E-005 ,   3.6424000336449702E-005 ,   5.3736013984695599E-003 ,  -8.5618366201861543E-002 ,   3.4116153089923477E-004 ,  -7.1214931804833917E-002 ,  -4.5290821413774265E-003 ,   0.0000000000000000      ,   0.0000000000000000      ,   0.0000000000000000      ,   0.0000000000000000      ,   0.0000000000000000     
   7.4011123586606455      ,   8.6736173798840355E-018 ,   1.2824919690663435E-002 ,  -49.278122443624788      ,   8.7547787495855685E-003 ,   1.1830973887265674E-002 ,   692.83155062927835      ,  -1.2524547069165591E-004 ,  -4.4020488581430274E-004 ,  -7312.6025430024529      ,   2.9259820964583629E-005 ,   5.8865222508323344E-005 ,   5.9288668078519118E-003 , -0.14283798468789613      ,   2.8722058580186863E-004 ,  -7.1930802857827575E-002 ,  -4.6124124395073626E-003 ,   0.0000000000000000      ,   0.0000000000000000      ,   0.0000000000000000      ,   0.0000000000000000      ,   0.0000000000000000     
   7.2861878360466994      ,   6.5052130349130266E-018 ,   1.2945441082348765E-002 ,  -47.756771454450323      ,   9.6461195359815698E-003 ,   1.4076902096027697E-002 ,   660.99913821158634      ,  -1.3599185975109334E-004 ,  -5.0474583563803980E-004 ,  -6868.1360158409079      ,   3.3458938854231619E-005 ,   8.0117194723955621E-005 ,   6.5720396591048566E-003 , -0.15550119649622154      ,   3.5187579183238696E-004 ,  -7.2815950510259131E-002 ,  -4.7185368503940665E-003 ,   0.0000000000000000      ,   0.0000000000000000      ,   0.0000000000000000      ,   0.0000000000000000      ,   0.0000000000000000     
   7.1637375558381118      ,   3.4694469519536142E-018 ,   1.1039448253043045E-002 ,  -46.160811140876795      ,   1.0582259306768826E-002 ,   1.5325550441576167E-002 ,   628.14749931745439      ,  -1.4073954711394019E-004 ,  -4.2605745565493097E-004 ,  -6416.8779774427367      ,   3.8274071551759112E-005 ,   8.5677954592694130E-005 ,   7.4301627371441380E-003 , -0.14021364833676439      ,   4.9441737978922213E-004 ,  -7.3762307975525854E-002 ,  -4.8338948606614493E-003 ,   0.0000000000000000      ,   0.0000000000000000      ,   0.0000000000000000      ,   0.0000000000000000      ,   0.0000000000000000     
   7.0423422049290387      ,  -1.0408340855860843E-017 ,   9.3180881145251086E-003 ,  -44.604575855182460      ,   1.1339905977163462E-002 ,   1.5971289378425742E-002 ,   596.65632440408012      ,  -1.3817112728831620E-004 ,  -3.1707817869059405E-004 ,  -5991.6341676595766      ,   4.2637856422833393E-005 ,   9.0311113195310936E-005 ,   8.2806201781092676E-003 , -0.11897774771828060      ,   5.2592491725020460E-004 ,  -7.4513208544295301E-002 ,  -4.9267156129129798E-003 ,   0.0000000000000000      ,   0.0000000000000000      ,   0.0000000000000000      ,   0.0000000000000000      ,   0.0000000000000000     
   6.9238143612819192      ,  -1.3010426069826053E-017 ,   8.0201763463811776E-003 ,  -43.110434096862789      ,   1.1833883012116150E-002 ,   1.6593205675687908E-002 ,   566.93423124111177      ,  -1.2817808319481197E-004 ,  -2.7191052000307390E-004 ,  -5597.0815552548247      ,   4.5406676871671612E-005 ,   9.7266257958361499E-005 ,   9.0748635927822893E-003 ,  -9.7844976879007645E-002 ,   4.8608553823597102E-004 ,  -7.5015519396204447E-002 ,  -4.9880103310301844E-003 ,   0.0000000000000000      ,   0.0000000000000000      ,   0.0000000000000000      ,   0.0000000000000000      ,   0.0000000000000000     
   6.8110174684125244      ,   1.2576745200831851E-017 ,   8.5549624505752916E-003 ,  -41.711550588372106      ,   1.2143567150816381E-002 ,   1.6963770849146596E-002 ,   539.57020163790139      ,  -1.1493524810409632E-004 ,  -3.5281208126209556E-004 ,  -5239.8755247510162      ,   4.7415417963336554E-005 ,   1.0077912949621260E-004 ,   9.8658657522014224E-003 ,  -9.5002830738527680E-002 ,   3.9165347089645844E-004 ,  -7.5319305637393419E-002 ,  -5.0228229650295195E-003 ,   0.0000000000000000      ,   0.0000000000000000      ,   0.0000000000000000      ,   0.0000000000000000      ,   0.0000000000000000     
   6.7073743427197909      ,   2.6020852139652106E-018 ,   1.0345210374936357E-002 ,  -40.445369795799543      ,   1.2323091237402842E-002 ,   1.7178175989629733E-002 ,   515.19509474494521      ,  -1.0068924107109867E-004 ,  -4.7784538577761419E-004 ,  -4926.7345471032422      ,   4.8809517849574853E-005 ,   1.0488881065749899E-004 ,   1.0606434660296244E-002 , -0.10527993601839558      ,   3.1419327232909075E-004 ,  -7.5506865026927134E-002 ,  -5.0422621879281510E-003 ,   0.0000000000000000      ,   0.0000000000000000      ,   0.0000000000000000      ,   0.0000000000000000      ,   0.0000000000000000     
   6.6111038531172621      ,  -5.6378512969246231E-018 ,   1.1123682704319050E-002 ,  -39.285944372406888      ,   1.2357398156745990E-002 ,   1.7423779470776231E-002 ,   493.20757940004626      ,  -8.5893682034139464E-005 ,  -5.5786295569188946E-004 ,  -4648.4719414572774      ,   4.9183379854204399E-005 ,   1.1000357021876311E-004 ,   1.1255655621432801E-002 , -0.10487061525765784      ,   2.7486707735579607E-004 ,  -7.5535350632312093E-002 ,  -5.0417305219859435E-003 ,   0.0000000000000000      ,   0.0000000000000000      ,   0.0000000000000000      ,   0.0000000000000000      ,   0.0000000000000000     
   6.5175909942633536      ,   8.4567769453869346E-018 ,   9.4449737646610937E-003 ,  -38.175487889467270      ,   1.2225278510972482E-002 ,   1.7689982703155832E-002 ,   472.45078069230891      ,  -6.8827013467785884E-005 ,  -5.1356129206563540E-004 ,  -4389.5504629393190      ,   4.8296741363645617E-005 ,   1.1172455139646617E-004 ,   1.1781634154550512E-002 ,  -7.9477520741606189E-002 ,   2.5365741877991240E-004 ,  -7.5409690244153685E-002 ,  -5.0218007021354087E-003 ,   0.0000000000000000      ,   0.0000000000000000      ,   0.0000000000000000      ,   0.0000000000000000      ,   0.0000000000000000     
   6.4226941948490825      ,  -1.6263032587282567E-017 ,   5.4215706658061009E-003 ,  -37.064537743145131      ,   1.1936189230224735E-002 ,   1.8025778630066203E-002 ,   451.98477031961500      ,  -4.8332208409370989E-005 ,  -3.3079527336223069E-004 ,  -4137.9420872069113      ,   4.6372503615789556E-005 ,   1.0998392888609666E-004 ,   1.2171752401450544E-002 ,  -3.1493268811862769E-002 ,   2.2427518349659654E-004 ,  -7.5115188860056165E-002 ,  -4.9803988217089791E-003 ,   0.0000000000000000      ,   0.0000000000000000      ,   0.0000000000000000      ,   0.0000000000000000      ,   0.0000000000000000     
   6.3239933852632371      ,   1.6737371037744975E-017 ,  -2.4805582989837751E-005 ,  -35.926264774182087      ,   1.1491092609838927E-002 ,   1.8297437887312151E-002 ,   431.33122572181560      ,  -2.5152943529504617E-005 ,  -5.5963640333844941E-005 ,  -3887.8492348816953      ,   4.3508745571725964E-005 ,   1.0792644595912001E-004 ,   1.2444407934493211E-002 ,   2.8491265531884021E-002 ,   1.9598889943147428E-004 ,  -7.4676178130306345E-002 ,  -4.9199909092201219E-003 ,   0.0000000000000000      ,   0.0000000000000000      ,   0.0000000000000000      ,   0.0000000000000000      ,   0.0000000000000000     
   6.2203854237626732      ,   1.3118846287074604E-017 ,  -5.4086443935396963E-003 ,  -34.750581373911935      ,   1.0909882792238070E-002 ,   1.8330445552567243E-002 ,   410.33952769187709      ,  -2.5923846150408674E-006 ,   2.2807160593376052E-004 ,  -3637.7173345674018      ,   3.9685746126147666E-005 ,   1.1054196348921114E-004 ,   1.2616433628610417E-002 ,   8.4514845043462961E-002 ,   1.9703509085745356E-004 ,  -7.4088945254204341E-002 ,  -4.8407550335001848E-003 ,   0.0000000000000000      ,   0.0000000000000000      ,   0.0000000000000000      ,   0.0000000000000000      ,   0.0000000000000000     
   6.1102312059668895      ,   8.6736173798840355E-019 ,  -9.2612026074442994E-003 ,  -33.522110914450785      ,   1.0198269366193540E-002 ,   1.8194109423252766E-002 ,   388.78136397584626      ,   1.6129992585490845E-005 ,   4.2267086144852860E-004 ,  -3385.2356947748167      ,   3.5195341069423644E-005 ,   1.1384307392954069E-004 ,   1.2667527033117928E-002 ,  0.12206694587801958      ,   2.2821818686003407E-004 ,  -7.3383962317032148E-002 ,  -4.7467265641579822E-003 ,   0.0000000000000000      ,   0.0000000000000000      ,   0.0000000000000000      ,   0.0000000000000000      ,   0.0000000000000000     
   5.9904283777076319      ,  -9.5409791178724390E-018 ,  -1.1101229804767639E-002 ,  -32.210930591007411      ,   9.3801226333824865E-003 ,   1.8073804117649105E-002 ,   366.20364503324311      ,   3.1335051400727185E-005 ,   5.0232896040453879E-004 ,  -3125.7717907059332      ,   3.0543708927975394E-005 ,   1.1463625236222517E-004 ,   1.2611639375488565E-002 ,  0.13739083572276081      ,   2.6518880454384325E-004 ,  -7.2558723407555634E-002 ,  -4.6389093180282072E-003 ,   0.0000000000000000      ,   0.0000000000000000      ,   0.0000000000000000      ,   0.0000000000000000      ,   0.0000000000000000     
   5.8570045513194726      ,  -1.2793585635328952E-017 ,  -1.1238056718767627E-002 ,  -30.781164693160157      ,   8.4543917251384236E-003 ,   1.8009465318675383E-002 ,   342.10263560291702      ,   4.2035042499437956E-005 ,   4.9985196772247859E-004 ,  -2854.6305817138254      ,   2.5770870825579783E-005 ,   1.1265153581498556E-004 ,   1.2438115425319869E-002 ,  0.13457399202230252      ,   2.9590628623864094E-004 ,  -7.1640642926271356E-002 ,  -4.5203037401716026E-003 ,   0.0000000000000000      ,   0.0000000000000000      ,   0.0000000000000000      ,   0.0000000000000000      ,   0.0000000000000000     
   5.7061054221464822      ,  -2.2117724318704290E-017 ,  -9.8308571672399477E-003 ,  -29.203119236378647      ,   7.4700214257167573E-003 ,   1.7925139283350339E-002 ,   316.14478174061219      ,   4.7136248261009919E-005 ,   4.3201304338619516E-004 ,  -2569.6454340938799      ,   2.1072189423161768E-005 ,   1.0776168686841036E-004 ,   1.2196310541263286E-002 ,  0.11646046838933127      ,   3.2767440173241873E-004 ,  -7.0647569797624002E-002 ,  -4.3950363287503661E-003 ,   0.0000000000000000      ,   0.0000000000000000      ,   0.0000000000000000      ,   0.0000000000000000      ,   0.0000000000000000     
   5.5333297810531761      ,   3.9031278209478160E-018 ,  -6.9022621401850929E-003 ,  -27.447589431143470      ,   6.4380562882803364E-003 ,   1.7743784938610622E-002 ,   288.08085848090747      ,   4.6064132696551506E-005 ,   2.9926988250573490E-004 ,  -2270.2041361746360      ,   1.6494176012208255E-005 ,   1.0122101497869233E-004 ,   1.1834378573342796E-002 ,   8.4961407749286844E-002 ,   3.5320331729728693E-004 ,  -6.9624861920390663E-002 ,  -4.2677446482937463E-003 ,   0.0000000000000000      ,   0.0000000000000000      ,   0.0000000000000000      ,   0.0000000000000000      ,   0.0000000000000000     
   5.3326877501825649      ,  -2.4502969098172400E-017 ,  -2.8827575955386246E-003 ,  -25.477963604931009      ,   5.4220691406457067E-003 ,   1.7377098942941347E-002 ,   257.64655769543697      ,   4.0819687172632771E-005 ,   1.2403762957707138E-004 ,  -1956.3032936088493      ,   1.2449107157274528E-005 ,   9.4757577303622171E-005 ,   1.1365305551760770E-002 ,   4.5706750728897363E-002 ,   3.5950737391120605E-004 ,  -6.8598122016304830E-002 ,  -4.1432047051157628E-003 ,   0.0000000000000000      ,   0.0000000000000000      ,   0.0000000000000000      ,   0.0000000000000000      ,   0.0000000000000000     
   5.0963907517171023      ,   2.2768245622195593E-017 ,   1.4812249805396865E-003 ,  -23.253516470653306      ,   4.4114345253857762E-003 ,   1.6724192907326348E-002 ,   224.66412081190313      ,   3.2807802726945847E-005 ,  -5.5537310837992858E-005 ,  -1629.8420681022981      ,   8.8498285717290615E-006 ,   8.8133323990056481E-005 ,   1.0700909858307007E-002 ,   6.5526306772849194E-003 ,   3.4221960282123900E-004 ,  -6.7598682220723197E-002 ,  -4.0234087655040759E-003 ,   0.0000000000000000      ,   0.0000000000000000      ,   0.0000000000000000      ,   0.0000000000000000      ,   0.0000000000000000     
   4.8152006868531441      ,  -1.4094628242311558E-017 ,   5.4864682554478777E-003 ,  -20.740445222991031      ,   3.4726384779407843E-003 ,   1.5745414731069531E-002 ,   189.25927775677792      ,   2.4223452612958873E-005 ,  -1.9965079040433142E-004 ,  -1296.8239153509285      ,   5.9085670823992645E-006 ,   8.0838639853332984E-005 ,   9.8701995157762876E-003 ,  -2.6005315415779759E-002 ,   3.0603477073685770E-004 ,  -6.6646971977999347E-002 ,  -3.9121732649437463E-003 ,   0.0000000000000000      ,   0.0000000000000000      ,   0.0000000000000000      ,   0.0000000000000000      ,   0.0000000000000000     
   4.4781588472995972      ,   4.6620693416876691E-018 ,   8.5013468018824666E-003 ,  -17.919950224652041      ,   2.5793389248832750E-003 ,   1.4490872680073522E-002 ,   152.00999555700716      ,   1.5788677625331388E-005 ,  -2.7619641237425951E-004 ,  -968.31070427664713      ,   3.5117694536547485E-006 ,   7.2682335743996264E-005 ,   8.7349576268974227E-003 ,  -4.7278952012972650E-002 ,   2.4961949886328485E-004 ,  -6.5766596681221479E-002 ,  -3.8104381295125719E-003 ,   0.0000000000000000      ,   0.0000000000000000      ,   0.0000000000000000      ,   0.0000000000000000      ,   0.0000000000000000     
   4.0728109917809290      ,  -1.5070410197548512E-017 ,   9.9946021704035784E-003 ,  -14.804232787791658      ,   1.8149882118797137E-003 ,   1.2997054031307159E-002 ,   114.15435762932243      ,   8.9905936871408629E-006 ,  -2.7833165666909978E-004 ,  -661.05035406120351      ,   1.8839561394067489E-006 ,   6.2271003383721337E-005 ,   7.3514959706624710E-003 ,  -5.4689905670141689E-002 ,   1.8083893698052670E-004 ,  -6.4987973621729450E-002 ,  -3.7221699868820344E-003 ,   0.0000000000000000      ,   0.0000000000000000      ,   0.0000000000000000      ,   0.0000000000000000      ,   0.0000000000000000     
   3.5863655442523821      ,   1.2685165418080402E-017 ,   9.7779255365066219E-003 ,  -11.462505609598638      ,   1.1366745069969952E-003 ,   1.1224415825839442E-002 ,   77.784185151779496      ,   3.9881514184207610E-006 ,  -2.2531317235864777E-004 ,  -396.43618140310878      ,   8.0852088516747083E-007 ,   4.8863546673908489E-005 ,   5.6004533819671593E-003 ,  -4.9273787336635531E-002 ,   1.1119758490876153E-004 ,  -6.4323070996972515E-002 ,  -3.6481619728374192E-003 ,   0.0000000000000000      ,   0.0000000000000000      ,   0.0000000000000000      ,   0.0000000000000000      ,   0.0000000000000000     
   3.0094070961228612      ,  -1.8810907692623502E-017 ,   8.1564952149986922E-003 ,  -8.0585036184871477      ,   6.3785552691580916E-004 ,   9.1191023163399425E-003 ,   45.858847087615942      ,   1.2913780286670793E-006 ,  -1.4705707195548890E-004 ,  -196.02106740390985      ,   2.7898733871930400E-007 ,   3.3593249302466896E-005 ,   3.7425983465422439E-003 ,  -3.5774113631360398E-002 ,   5.5023095850845705E-005 ,  -6.3810894941658564E-002 ,  -3.5912511085050771E-003 ,   0.0000000000000000      ,   0.0000000000000000      ,   0.0000000000000000      ,   0.0000000000000000      ,   0.0000000000000000     
   2.3416500035769170      ,   6.9388939039072284E-018 ,   5.8015517102769365E-003 ,  -4.8720284922531985      ,   2.6366016498230379E-004 ,   6.7022193368258005E-003 ,   21.561510410858144      ,   2.0853913384607013E-007 ,  -7.3185904582638908E-005 ,  -71.680474734324918      ,   5.2049578793348274E-008 ,   1.8950599790932314E-005 ,   1.9032289251758583E-003 ,  -2.0522559370596605E-002 ,   1.9054322272458744E-005 ,  -6.3447573684592154E-002 ,  -3.5532898765252212E-003 ,   0.0000000000000000      ,   0.0000000000000000      ,   0.0000000000000000      ,   0.0000000000000000      ,   0.0000000000000000     
   1.5980031043452647      ,  -5.8411392042656551E-018 ,   3.4448687882900806E-003 ,  -2.2668285409698505      ,   7.7044458346063661E-005 ,   4.0657257675741710E-003 ,   6.8438003465667698      ,   7.7430454955215233E-009 ,  -2.3617109180826117E-005 ,  -15.522379165560142      ,   4.7999626856071496E-009 ,   7.5264471758245698E-006 ,   6.4621066072807526E-004 ,  -8.6069905546558925E-003 ,   3.2338640348315020E-006 ,  -6.3252394796937381E-002 ,  -3.5316782359760958E-003 ,   0.0000000000000000      ,   0.0000000000000000      ,   0.0000000000000000      ,   0.0000000000000000      ,   0.0000000000000000     
  0.80827906113261860      ,   3.7371093632859731E-018 ,   1.5427621070023794E-003 , -0.57977567487218584      ,   3.2521999148337983E-006 ,   1.4174578275450227E-003 ,  0.88528023527670341      ,  -1.1055897601406886E-011 ,  -2.8086079147949800E-006 ,  -1.0155348713533900      ,   8.9315325640514813E-012 ,   1.0091038161432431E-006 ,   6.0623158070711867E-005 ,  -1.9994700541790065E-003 ,   2.8838169001397412E-007 ,  -6.3183509749259459E-002 ,  -3.5258075915426870E-003 ,   0.0000000000000000      ,   0.0000000000000000      ,   0.0000000000000000      ,   0.0000000000000000      ,   0.0000000000000000     
  -1.6171380975411691E-022 ,   0.0000000000000000      ,   1.2944135815536054E-020 ,   1.5230869020716078E-012 ,   0.0000000000000000      ,   8.2649758988131584E-013 ,  -2.6095027313947996E-019 ,   0.0000000000000000      ,  -3.0125362439624559E-020 ,   3.7008478953545254E-024 ,   0.0000000000000000      ,   5.3644923980789892E-025 ,   0.0000000000000000      ,   2.2083897385461754E-042 ,   0.0000000000000000      ,  -6.3174347800059177E-002 ,  -3.5233908176754043E-003 ,   0.0000000000000000      ,   0.0000000000000000      ,   0.0000000000000000      ,   0.0000000000000000      ,   0.0000000000000000     
