 mean[u],mean[v],mean[w],var[u],var[v],var[w],skew[u],skew[v],skew[w],kurt[u],kurt[v],kurt[w],<u'v'>,<u'w'>,<v'w'>,mean[p],var[p],mean[phi],var[phi],<u'phi'>,<v'phi'>,<w'phi'>
   2.9675104475339868E-023 ,   0.0000000000000000      ,  -2.8951321439355969E-021 ,   1.0975820924497734E-013 ,   0.0000000000000000      ,   8.0787436130729054E-014 ,  -2.0920459090842627E-020 ,   0.0000000000000000      ,   6.6404793856096669E-021 ,   1.4913006663467129E-025 ,   0.0000000000000000      ,   4.7026274354784563E-026 ,   0.0000000000000000      ,   8.5913348841203537E-044 ,   0.0000000000000000      ,  -5.8665179119598183E-003 ,   6.4531637546358150E-006 ,   0.0000000000000000      ,   0.0000000000000000      ,   0.0000000000000000      ,   0.0000000000000000      ,   0.0000000000000000     
   8.1760551913806948E-002 ,  -4.1843427594362437E-019 ,   6.2828130230053482E-004 ,   8.9344119291188441E-004 ,   3.4124801345278676E-007 ,   1.4775526104885073E-004 ,   2.0282181923697400E-005 ,   6.2383875938963839E-011 ,   1.0185189372186076E-007 ,   2.5595640815024079E-006 ,   8.3821852087890954E-013 ,   9.6186284368619947E-008 ,  -6.2958627763131233E-006 ,  -5.1368626033217115E-005 ,  -2.2660304330568299E-008 ,  -5.8674927552160826E-003 ,   6.3131631619996908E-006 ,   0.0000000000000000      ,   0.0000000000000000      ,   0.0000000000000000      ,   0.0000000000000000      ,   0.0000000000000000     
  0.16142272980423991      ,   3.2526065174565133E-019 ,   1.2856151445377749E-003 ,   3.4110040638714138E-003 ,   8.0206111153933559E-006 ,   4.1997936605080437E-004 ,   1.3755613110251626E-004 ,   6.4649184790592511E-009 ,   4.7978711757572513E-007 ,   3.4753038090502009E-005 ,   4.5446987722142320E-010 ,   7.1253625614356284E-007 ,  -6.7244681778285380E-005 ,  -2.0752750610896007E-004 ,  -4.4418406470248124E-007 ,  -5.8746533999769765E-003 ,   6.5143268871080114E-006 ,   0.0000000000000000      ,   0.0000000000000000      ,   0.0000000000000000      ,   0.0000000000000000      ,   0.0000000000000000     
  0.23583331857084833      ,  -2.7105054312137611E-020 ,   1.9679883151058788E-003 ,   6.7591188509397090E-003 ,   2.7131357391708494E-005 ,   6.8406076840883917E-004 ,   3.0095905024723948E-004 ,   2.5649393824217847E-008 ,   7.3062679893709653E-007 ,   1.1938170477526885E-004 ,   5.0963568063331539E-009 ,   1.7350178688877027E-006 ,  -1.9760570058591068E-004 ,  -4.6411721526007176E-004 ,  -1.6822815354868883E-006 ,  -5.8946693453345803E-003 ,   6.5845457671370058E-006 ,   0.0000000000000000      ,   0.0000000000000000      ,   0.0000000000000000      ,   0.0000000000000000      ,   0.0000000000000000     
  0.30174908130734179      ,   1.0842021724855044E-018 ,   2.6479350615362701E-003 ,   9.7158925598428564E-003 ,   6.5251035053559274E-005 ,   9.2422381522762028E-004 ,   3.3208285852142153E-004 ,   3.4870599416537302E-008 ,   1.4353746880172722E-007 ,   2.1370201092000136E-004 ,   2.8579378641075720E-008 ,   3.0067251520682041E-006 ,  -3.8318164530700533E-004 ,  -7.9901197218006906E-004 ,  -3.7339617095443865E-006 ,  -5.9316595017361463E-003 ,   6.9729018137514693E-006 ,   0.0000000000000000      ,   0.0000000000000000      ,   0.0000000000000000      ,   0.0000000000000000      ,   0.0000000000000000     
  0.35781758041006551      ,  -1.6263032587282567E-018 ,   3.3044082963056649E-003 ,   1.1645995812253673E-002 ,   1.1586234613744245E-004 ,   1.1352775666722019E-003 ,   2.0397753486827916E-004 ,  -2.7106984627872785E-008 ,  -1.7083312741910042E-006 ,   2.8036508676169188E-004 ,   8.5738114826978105E-008 ,   4.3753259046804362E-006 ,  -5.6340652386107260E-004 ,  -1.1823753812710397E-003 ,  -6.2224791036932671E-006 ,  -5.9836677937198622E-003 ,   7.2034718433326605E-006 ,   0.0000000000000000      ,   0.0000000000000000      ,   0.0000000000000000      ,   0.0000000000000000      ,   0.0000000000000000     
  0.40444380857211049      ,   7.0473141211557788E-019 ,   3.9234575061368286E-003 ,   1.2569615847935839E-002 ,   1.8468790079307794E-004 ,   1.3200088358063945E-003 ,   1.0214506714917998E-005 ,  -1.4851863080672417E-007 ,  -3.8858308882863500E-006 ,   3.1557827366237212E-004 ,   2.0201133902023787E-007 ,   5.6624308657796445E-006 ,  -7.2806438544988257E-004 ,  -1.5868180965528135E-003 ,  -9.2327250416843774E-006 ,  -6.0511103965849864E-003 ,   7.5536260458071279E-006 ,   0.0000000000000000      ,   0.0000000000000000      ,   0.0000000000000000      ,   0.0000000000000000      ,   0.0000000000000000     
  0.44293138205535504      ,  -2.4936649967166602E-018 ,   4.4802937806339201E-003 ,   1.2753140034257815E-002 ,   2.6170737175788665E-004 ,   1.4941360436551414E-003 ,  -1.7496866926071386E-004 ,  -2.6871753159440111E-007 ,  -4.7525171134783411E-006 ,   3.2504034538435341E-004 ,   3.6948488080913978E-007 ,   6.9488540358350177E-006 ,  -8.5511132440686517E-004 ,  -1.9844627162701940E-003 ,  -1.3523398818186808E-005 ,  -6.1296311998147238E-003 ,   7.8890721776113526E-006 ,   0.0000000000000000      ,   0.0000000000000000      ,   0.0000000000000000      ,   0.0000000000000000      ,   0.0000000000000000     
  0.47480378109088756      ,   1.1384122811097797E-018 ,   4.9313106349444056E-003 ,   1.2461184979155604E-002 ,   3.5133039728005880E-004 ,   1.6693920644448642E-003 ,  -3.2019973356703715E-004 ,  -3.4329719268554912E-007 ,  -3.8929503516064610E-006 ,   3.1661629572417619E-004 ,   6.0899654006988452E-007 ,   8.3898858771582175E-006 ,  -9.5772918754739487E-004 ,  -2.3414049352053091E-003 ,  -1.9206322548882442E-005 ,  -6.2179043436950314E-003 ,   8.1915784237588854E-006 ,   0.0000000000000000      ,   0.0000000000000000      ,   0.0000000000000000      ,   0.0000000000000000      ,   0.0000000000000000     
  0.50147334190194981      ,  -1.0842021724855044E-018 ,   5.2237929446751416E-003 ,   1.1879697690127533E-002 ,   4.4535924886535735E-004 ,   1.8412337008705036E-003 ,  -4.1977412651692317E-004 ,  -3.1184043029400761E-007 ,  -2.9153357186927358E-006 ,   2.9772959059102405E-004 ,   9.0664255497944381E-007 ,   9.9837038283209041E-006 ,  -1.0290156989368998E-003 ,  -2.6195929053700706E-003 ,  -2.6435649762974226E-005 ,  -6.3132971778607581E-003 ,   8.5557784071894427E-006 ,   0.0000000000000000      ,   0.0000000000000000      ,   0.0000000000000000      ,   0.0000000000000000      ,   0.0000000000000000     
  0.52416446724851773      ,  -5.4210108624275222E-019 ,   5.3156222145779829E-003 ,   1.1132956928579407E-002 ,   5.4615067213570519E-004 ,   1.9985704255691614E-003 ,  -4.7813803055326079E-004 ,  -1.7894146526352350E-007 ,  -3.7226550717276116E-006 ,   2.7323043475321928E-004 ,   1.2769958296156534E-006 ,   1.1700629128914895E-005 ,  -1.0820776032266759E-003 ,  -2.7862602861986542E-003 ,  -3.4029276112439081E-005 ,  -6.4129163573703558E-003 ,   8.8183225733395903E-006 ,   0.0000000000000000      ,   0.0000000000000000      ,   0.0000000000000000      ,   0.0000000000000000      ,   0.0000000000000000     
  0.54384409430861902      ,   6.2341624917916505E-019 ,   5.2072090059294748E-003 ,   1.0290316956945877E-002 ,   6.4420851530331018E-004 ,   2.1330412306840595E-003 ,  -4.9966352106977849E-004 ,   1.1479183562199634E-007 ,  -6.7723080040700625E-006 ,   2.4503599299830359E-004 ,   1.6816731984574032E-006 ,   1.3444544475255889E-005 ,  -1.1170709944735419E-003 ,  -2.8319098657053994E-003 ,  -4.0511655794275565E-005 ,  -6.5121266341694132E-003 ,   9.1523521964916802E-006 ,   0.0000000000000000      ,   0.0000000000000000      ,   0.0000000000000000      ,   0.0000000000000000      ,   0.0000000000000000     
  0.56120985706187387      ,   2.6969529040576923E-018 ,   4.9814422087031320E-003 ,   9.4114496686080185E-003 ,   7.3775298449110338E-004 ,   2.2348569532894169E-003 ,  -4.8963437226661258E-004 ,   7.0053192756030699E-007 ,  -9.8563862836334558E-006 ,   2.1586001659431014E-004 ,   2.1239405160534204E-006 ,   1.4815911596225196E-005 ,  -1.1469785789293601E-003 ,  -2.7956344699082698E-003 ,  -4.3603743334249252E-005 ,  -6.6046798198155302E-003 ,   9.3646612713436930E-006 ,   0.0000000000000000      ,   0.0000000000000000      ,   0.0000000000000000      ,   0.0000000000000000      ,   0.0000000000000000     
  0.57676275226781271      ,  -1.5720931501039814E-018 ,   4.7815319761484636E-003 ,   8.5583590238195173E-003 ,   8.1819034921694648E-004 ,   2.2949146704421236E-003 ,  -4.5584180205331115E-004 ,   1.7822918565980272E-006 ,  -9.4701408955824215E-006 ,   1.8826790161546414E-004 ,   2.5560852687953414E-006 ,   1.5443069936372514E-005 ,  -1.1704160776016142E-003 ,  -2.7578095426199411E-003 ,  -4.3392512750291635E-005 ,  -6.6860549164594173E-003 ,   9.6431022509820233E-006 ,   0.0000000000000000      ,   0.0000000000000000      ,   0.0000000000000000      ,   0.0000000000000000      ,   0.0000000000000000     
  0.59095234197087931      ,   1.5043305143236374E-018 ,   4.6694327366579988E-003 ,   7.7659896173539744E-003 ,   8.8501327403735686E-004 ,   2.3152324067640014E-003 ,  -4.0323714309027474E-004 ,   3.3669647701432346E-006 ,  -4.9447154308296388E-006 ,   1.6253955536609356E-004 ,   2.9622606715467078E-006 ,   1.5612369445146288E-005 ,  -1.1888556234737457E-003 ,  -2.7594122114035363E-003 ,  -4.3264769135782032E-005 ,  -6.7520024900784795E-003 ,   9.8247528170014922E-006 ,   0.0000000000000000      ,   0.0000000000000000      ,   0.0000000000000000      ,   0.0000000000000000      ,   0.0000000000000000     
  0.60418466340459209      ,  -4.8789097761847700E-019 ,   4.5166642743278522E-003 ,   7.0703647674831283E-003 ,   9.3382179212466929E-004 ,   2.3194707168778315E-003 ,  -3.5133712259215535E-004 ,   5.1482282572189373E-006 ,   8.8711014605475952E-007 ,   1.4009077387845540E-004 ,   3.2991211664321878E-006 ,   1.5831527107611084E-005 ,  -1.1971510388165702E-003 ,  -2.7288992842963195E-003 ,  -4.5988782572753474E-005 ,  -6.8015731900336572E-003 ,   1.0026184812947839E-005 ,   0.0000000000000000      ,   0.0000000000000000      ,   0.0000000000000000      ,   0.0000000000000000      ,   0.0000000000000000     
  0.61677803374923235      ,  -7.5894152073985310E-019 ,   4.1101012452680252E-003 ,   6.5319614081930100E-003 ,   9.6370239089183820E-004 ,   2.3317546464607874E-003 ,  -3.1991168855190037E-004 ,   6.5659260694399969E-006 ,   4.3891213966371934E-006 ,   1.2252737446814441E-004 ,   3.5396202693969757E-006 ,   1.6294757272457578E-005 ,  -1.1961519006730072E-003 ,  -2.5350201645666839E-003 ,  -4.9275061328322837E-005 ,  -6.8307367664424334E-003 ,   1.0107708293862414E-005 ,   0.0000000000000000      ,   0.0000000000000000      ,   0.0000000000000000      ,   0.0000000000000000      ,   0.0000000000000000     
  0.62902772749816904      ,  -3.2526065174565133E-019 ,   3.3460482386696733E-003 ,   6.1150621635972513E-003 ,   9.7627093428184156E-004 ,   2.3386796872276027E-003 ,  -3.0633943199382362E-004 ,   7.3556451363048020E-006 ,   2.2955682360511126E-006 ,   1.0957710230895788E-004 ,   3.6734972705744452E-006 ,   1.6808794360905988E-005 ,  -1.1805665450267619E-003 ,  -2.1047571196696358E-003 ,  -4.8730304131274448E-005 ,  -6.8439275343312430E-003 ,   1.0161415922695698E-005 ,   0.0000000000000000      ,   0.0000000000000000      ,   0.0000000000000000      ,   0.0000000000000000      ,   0.0000000000000000     
  0.64132108859099857      ,  -1.0842021724855044E-018 ,   2.2788397210657917E-003 ,   5.7037038962560183E-003 ,   9.8221846143838705E-004 ,   2.3057031074806087E-003 ,  -2.9299594411113725E-004 ,   7.7106657348531080E-006 ,  -4.1605567785652295E-006 ,   9.8011219717537954E-005 ,   3.7248866200185228E-006 ,   1.6639631081314493E-005 ,  -1.1462299333769225E-003 ,  -1.4614679706383210E-003 ,  -4.3686194094566166E-005 ,  -6.8491928806849924E-003 ,   1.0117363875545795E-005 ,   0.0000000000000000      ,   0.0000000000000000      ,   0.0000000000000000      ,   0.0000000000000000      ,   0.0000000000000000     
  0.65403421313857169      ,  -5.4210108624275222E-019 ,   1.1282856718175332E-003 ,   5.2065839515685330E-003 ,   9.8905244680252188E-004 ,   2.2261462461280325E-003 ,  -2.6245796949009477E-004 ,   7.9052407767238013E-006 ,  -1.3549455982547919E-005 ,   8.4410992336281655E-005 ,   3.6996760200460203E-006 ,   1.5791808245904072E-005 ,  -1.0908249498428621E-003 ,  -7.3793743156270498E-004 ,  -3.4973970123215442E-005 ,  -6.8566800395940385E-003 ,   9.9826283009164351E-006 ,   0.0000000000000000      ,   0.0000000000000000      ,   0.0000000000000000      ,   0.0000000000000000      ,   0.0000000000000000     
  0.66715877076172836      ,   0.0000000000000000      ,   3.0082645344369256E-004 ,   4.6363213211265686E-003 ,   9.9937266964339336E-004 ,   2.1088618966281945E-003 ,  -2.1931342181540948E-004 ,   8.2472948093097217E-006 ,  -2.2764024931634147E-005 ,   6.9388373681538384E-005 ,   3.6578195696928095E-006 ,   1.5129076663797801E-005 ,  -1.0246685861215095E-003 ,  -2.0069900689210422E-004 ,  -2.1568033108357270E-005 ,  -6.8662482317653865E-003 ,   9.7289633206501633E-006 ,   0.0000000000000000      ,   0.0000000000000000      ,   0.0000000000000000      ,   0.0000000000000000      ,   0.0000000000000000     
  0.68013728107125948      ,  -3.2526065174565133E-019 ,   1.8384899130439677E-005 ,   4.0484058696179659E-003 ,   1.0131586273791036E-003 ,   1.9510179862436982E-003 ,  -1.6694437607469616E-004 ,   9.1434986240647488E-006 ,  -1.8432804082243181E-005 ,   5.2271965223740454E-005 ,   3.6957418304026841E-006 ,   1.3396318207100442E-005 ,  -9.5351149505621443E-004 ,  -1.2504255307346605E-005 ,  -6.0365658502372814E-006 ,  -6.8806907774008963E-003 ,   9.4673426995754597E-006 ,   0.0000000000000000      ,   0.0000000000000000      ,   0.0000000000000000      ,   0.0000000000000000      ,   0.0000000000000000     
  0.69224853219940330      ,   1.3010426069826053E-018 ,  -1.7957548962186978E-004 ,   3.5375046723284953E-003 ,   1.0179514731409028E-003 ,   1.7767341730258247E-003 ,  -1.3334683620370383E-004 ,   9.8158240409984486E-006 ,  -8.0046997635078757E-006 ,   4.0849330665360681E-005 ,   3.7290742298150990E-006 ,   1.0780276514054923E-005 ,  -8.8799236383109176E-004 ,   1.2431086910972853E-004 ,   4.2398211096330147E-006 ,  -6.8846117367491232E-003 ,   9.1510522332706814E-006 ,   0.0000000000000000      ,   0.0000000000000000      ,   0.0000000000000000      ,   0.0000000000000000      ,   0.0000000000000000     
  0.70345357908458883      ,  -8.6736173798840355E-019 ,  -8.7592706663658132E-004 ,   3.1742010182141400E-003 ,   9.9284211743419677E-004 ,   1.6875521100193759E-003 ,  -1.2890411069756916E-004 ,   9.4460068676889794E-006 ,  -1.1998557834111708E-005 ,   3.7581622592835540E-005 ,   3.5763617315084090E-006 ,   1.0393580874304405E-005 ,  -8.2383602631060765E-004 ,   6.1617403004256830E-004 ,   1.9108791249932053E-006 ,  -6.8603886553441846E-003 ,   8.5947154111083780E-006 ,   0.0000000000000000      ,   0.0000000000000000      ,   0.0000000000000000      ,   0.0000000000000000      ,   0.0000000000000000     
  0.71472171312753896      ,   2.1684043449710089E-019 ,  -1.4678284332514824E-003 ,   2.7864673905828585E-003 ,   9.3223892137995297E-004 ,   1.6331346034857287E-003 ,  -9.8146623671085606E-005 ,   8.1999476208556375E-006 ,  -1.4406638015287401E-005 ,   2.9102877088255520E-005 ,   3.0859540230598886E-006 ,   1.0262806572465138E-005 ,  -7.1997321366070474E-004 ,   1.0490888523908110E-003 ,   1.1904341695699340E-005 ,  -6.7984539744252422E-003 ,   7.3968377172585462E-006 ,   0.0000000000000000      ,   0.0000000000000000      ,   0.0000000000000000      ,   0.0000000000000000      ,   0.0000000000000000     
  0.72575726417499986      ,  -1.9515639104739080E-018 ,  -1.3657909746852093E-003 ,   2.3914265077205066E-003 ,   8.7373909656563017E-004 ,   1.4568265088169764E-003 ,  -6.0054440774780747E-005 ,   7.9678433603863740E-006 ,  -3.1569891242594559E-006 ,   2.0267574609575119E-005 ,   2.7184006543280115E-006 ,   8.1794384118323967E-006 ,  -6.0096940464165777E-004 ,   9.9123272122244406E-004 ,   3.2932261064882442E-005 ,  -6.7408341957769565E-003 ,   5.9517025216762604E-006 ,   0.0000000000000000      ,   0.0000000000000000      ,   0.0000000000000000      ,   0.0000000000000000      ,   0.0000000000000000     
  0.73506569944010325      ,  -5.6378512969246231E-018 ,  -1.6590401994193253E-003 ,   2.1439443370359079E-003 ,   8.3838272884370906E-004 ,   1.3025455749888244E-003 ,  -6.0034710395109533E-005 ,   6.7187142111671854E-006 ,   3.7452659314923003E-008 ,   1.8190381683598505E-005 ,   2.4226395225111627E-006 ,   7.3866945274536371E-006 ,  -5.1908413718602660E-004 ,   1.2195035445854148E-003 ,   3.5765347126349408E-005 ,  -6.7047658465756808E-003 ,   4.6777281474295616E-006 ,   0.0000000000000000      ,   0.0000000000000000      ,   0.0000000000000000      ,   0.0000000000000000      ,   0.0000000000000000     
  0.74358628078588063      ,  -4.3368086899420177E-019 ,  -2.5673986148528338E-003 ,   1.9634409505998596E-003 ,   8.1381532289942992E-004 ,   1.1899063637071685E-003 ,  -6.9985385833125704E-005 ,   4.6129806972327201E-006 ,  -2.5365166922925984E-006 ,   1.7298168047084043E-005 ,   2.1487846553953082E-006 ,   6.4850697564925013E-006 ,  -4.6071838122803237E-004 ,   1.9090823873132404E-003 ,   4.5886983657780298E-005 ,  -6.6808956044246692E-003 ,   3.7932285960545162E-006 ,   0.0000000000000000      ,   0.0000000000000000      ,   0.0000000000000000      ,   0.0000000000000000      ,   0.0000000000000000     
  0.75268842803600844      ,  -6.5052130349130266E-019 ,  -3.9417170100897172E-003 ,   1.7223736855380700E-003 ,   7.7662237399247201E-004 ,   1.0756355411308304E-003 ,  -5.8725811711087591E-005 ,   3.2225995745087862E-006 ,  -4.7878832253691742E-006 ,   1.3339014641904133E-005 ,   1.8635957756735158E-006 ,   5.4665278074426838E-006 ,  -3.7339939945093631E-004 ,   2.9668847800872243E-003 ,   4.9149448979185820E-005 ,  -6.6425225749915575E-003 ,   3.1469401550236224E-006 ,   0.0000000000000000      ,   0.0000000000000000      ,   0.0000000000000000      ,   0.0000000000000000      ,   0.0000000000000000     
  0.76142743079359665      ,  -3.6862873864507151E-018 ,  -5.6740314621164765E-003 ,   1.4991287403225417E-003 ,   7.3203114993386921E-004 ,   9.4616061003724894E-004 ,  -3.0376404738366881E-005 ,   2.7211691913735517E-006 ,  -7.3004813582936597E-006 ,   8.6759170637751596E-006 ,   1.7387215209859308E-006 ,   4.5699561084629144E-006 ,  -2.4479255501645171E-004 ,   4.3203631984413838E-003 ,   3.8803798943118438E-005 ,  -6.5996676565565678E-003 ,   2.6824053083067184E-006 ,   0.0000000000000000      ,   0.0000000000000000      ,   0.0000000000000000      ,   0.0000000000000000      ,   0.0000000000000000     
  0.76790799778875063      ,   1.7347234759768071E-018 ,  -6.0374597647631463E-003 ,   1.4323917733723990E-003 ,   6.9659753830403749E-004 ,   8.8897017657099708E-004 ,  -2.0075415240369040E-005 ,   1.2029424551873515E-007 ,  -1.4754460284341743E-005 ,   7.4692128970922953E-006 ,   1.6846651880091895E-006 ,   4.7038847074550944E-006 ,  -1.3218210868697080E-004 ,   4.6362136396894092E-003 ,   3.8350286529599740E-005 ,  -6.5620328070942141E-003 ,   2.1417998068908541E-006 ,   0.0000000000000000      ,   0.0000000000000000      ,   0.0000000000000000      ,   0.0000000000000000      ,   0.0000000000000000     
  0.77116691341604227      ,   2.6020852139652106E-018 ,  -4.2233006934762592E-003 ,   1.3151804441107195E-003 ,   7.3495074673517462E-004 ,   7.5194158631546623E-004 ,  -2.3833417205014907E-005 ,  -3.3034690527750239E-006 ,  -8.1965678303346331E-007 ,   6.4177838882628705E-006 ,   1.8466401695178842E-006 ,   2.0289221493457063E-006 ,  -5.1152336885327578E-005 ,   3.2568697602159175E-003 ,   4.1323825669557285E-005 ,  -6.6002589950963173E-003 ,   1.8957157089579207E-006 ,   0.0000000000000000      ,   0.0000000000000000      ,   0.0000000000000000      ,   0.0000000000000000      ,   0.0000000000000000     
  0.77285028005654510      ,  -8.6736173798840355E-019 ,  -2.8216981943019245E-003 ,   1.2654711373399907E-003 ,   7.9311434235189242E-004 ,   6.0291826266641458E-004 ,  -2.3826275829095037E-005 ,  -6.2980804395369653E-006 ,   4.1648215102105993E-006 ,   5.6623879950480242E-006 ,   2.2615241036002301E-006 ,   1.2651790051904595E-006 ,   5.7657692641375286E-005 ,   2.1807502397012900E-003 ,   1.5696077488591976E-005 ,  -6.6613133579953203E-003 ,   1.9919661822824839E-006 ,   0.0000000000000000      ,   0.0000000000000000      ,   0.0000000000000000      ,   0.0000000000000000      ,   0.0000000000000000     
  0.77182647290164952      ,   5.4210108624275222E-020 ,  -3.1958773466543265E-003 ,   1.3998867323482544E-003 ,   8.0586817157275855E-004 ,   6.3486625950830503E-004 ,  -2.5522114794808252E-005 ,  -8.1364483570438489E-006 ,   3.1692832247712095E-006 ,   6.3142540025578454E-006 ,   2.5032996979333675E-006 ,   1.7121227000335034E-006 ,   1.7139213400813367E-004 ,   2.4666627402944912E-003 ,  -1.2810005191779218E-005 ,  -6.6704894009968893E-003 ,   2.2247349923022611E-006 ,   0.0000000000000000      ,   0.0000000000000000      ,   0.0000000000000000      ,   0.0000000000000000      ,   0.0000000000000000     
  0.76548713481496322      ,   5.5565361339882102E-019 ,  -3.9727708028224696E-003 ,   1.7214703280432619E-003 ,   8.0823263795284364E-004 ,   7.7063770250224183E-004 ,  -4.7835921889226828E-005 ,  -9.8023993868493306E-006 ,  -1.3159834898570045E-006 ,   9.7999878390173242E-006 ,   2.6411709003022232E-006 ,   2.6753775614552371E-006 ,   3.1372843313104567E-004 ,   3.0411049391291132E-003 ,  -3.5449917007415090E-005 ,  -6.6747509521607566E-003 ,   2.8796350589677379E-006 ,   0.0000000000000000      ,   0.0000000000000000      ,   0.0000000000000000      ,   0.0000000000000000      ,   0.0000000000000000     
  0.75676313172599508      ,  -2.1684043449710089E-018 ,  -4.3364631158988795E-003 ,   2.0405432019148240E-003 ,   8.2243882157591146E-004 ,   8.7997870576039718E-004 ,  -6.6485864456472359E-005 ,  -1.2078833460273493E-005 ,  -2.8774068872062973E-006 ,   1.3058122156083950E-005 ,   2.6689842916516776E-006 ,   3.3958233357290804E-006 ,   4.4138823383895940E-004 ,   3.2816754082019028E-003 ,  -3.1054096951092483E-005 ,  -6.6873729453886151E-003 ,   3.6234833017111473E-006 ,   0.0000000000000000      ,   0.0000000000000000      ,   0.0000000000000000      ,   0.0000000000000000      ,   0.0000000000000000     
  0.74631155478897260      ,  -1.0842021724855044E-019 ,  -3.6053865855858297E-003 ,   2.3008010432100656E-003 ,   8.6117723778371728E-004 ,   9.5574306201351281E-004 ,  -6.9232728355937863E-005 ,  -1.4386025176944020E-005 ,   1.5206569514418792E-006 ,   1.4994440465788570E-005 ,   2.6521692983061762E-006 ,   3.3517982330014998E-006 ,   5.3404169438379782E-004 ,   2.6907416683038658E-003 ,  -2.9285874433213316E-005 ,  -6.7279109754942792E-003 ,   4.3470595298886793E-006 ,   0.0000000000000000      ,   0.0000000000000000      ,   0.0000000000000000      ,   0.0000000000000000      ,   0.0000000000000000     
  0.73411323206668944      ,  -8.1315162936412833E-019 ,  -2.8010129716482791E-003 ,   2.7466230419521676E-003 ,   9.1652927323830147E-004 ,   1.0831659900661804E-003 ,  -8.2907565757141775E-005 ,  -1.5595052632160158E-005 ,   3.7351254530318009E-006 ,   2.0252563736861129E-005 ,   2.8371623278321992E-006 ,   3.7787919193372006E-006 ,   6.8240640180357217E-004 ,   2.0562606856774405E-003 ,  -4.7753272963765288E-005 ,  -6.7820616076550442E-003 ,   5.2475265741266952E-006 ,   0.0000000000000000      ,   0.0000000000000000      ,   0.0000000000000000      ,   0.0000000000000000      ,   0.0000000000000000     
  0.72216647183800875      ,   5.4210108624275222E-020 ,  -2.9754545865864307E-003 ,   3.3303702098951282E-003 ,   9.9337511019173628E-004 ,   1.1888121027835497E-003 ,  -1.0804944747734146E-004 ,  -1.6408157792028090E-005 ,   1.0437668025929152E-008 ,   2.9757171786323441E-005 ,   3.1642064711103807E-006 ,   4.3272393737385156E-006 ,   8.3326369207835870E-004 ,   2.1487735409093434E-003 ,  -4.6781708241946384E-005 ,  -6.8602046303263484E-003 ,   6.0905382462272424E-006 ,   0.0000000000000000      ,   0.0000000000000000      ,   0.0000000000000000      ,   0.0000000000000000      ,   0.0000000000000000     
  0.71010192015873064      ,  -9.7578195523695399E-019 ,  -2.6755348605032184E-003 ,   3.8806837570430908E-003 ,   1.0640026178458909E-003 ,   1.2495626137417853E-003 ,  -1.4146596727863080E-004 ,  -1.6213115230129145E-005 ,  -2.3288516622176731E-007 ,   4.2708332849923430E-005 ,   3.4556500738654219E-006 ,   4.8871426318241812E-006 ,   9.7217463477098634E-004 ,   1.8999024418949570E-003 ,  -3.0538228954898102E-005 ,  -6.9305195162606067E-003 ,   6.9759268110995123E-006 ,   0.0000000000000000      ,   0.0000000000000000      ,   0.0000000000000000      ,   0.0000000000000000      ,   0.0000000000000000     
  0.69875075030926148      ,  -3.8489177123235407E-018 ,  -1.4215714317211367E-003 ,   4.4084557442808370E-003 ,   1.1134229596835156E-003 ,   1.2856211425930969E-003 ,  -1.9338997383545192E-004 ,  -1.4181500690288001E-005 ,   1.1935499281208923E-006 ,   6.0347973870569782E-005 ,   3.6833921173994877E-006 ,   5.2033559029087498E-006 ,   1.1036606213471252E-003 ,   9.9332410453335535E-004 ,  -2.5847021984518964E-005 ,  -6.9802208284824186E-003 ,   7.6886054371821101E-006 ,   0.0000000000000000      ,   0.0000000000000000      ,   0.0000000000000000      ,   0.0000000000000000      ,   0.0000000000000000     
  0.68896041724282553      ,   4.9636130709102000E-019 ,   6.1620889696854244E-005 ,   4.8027389502973139E-003 ,   1.1537781991342541E-003 ,   1.3718888175307364E-003 ,  -2.2948750055723673E-004 ,  -1.1746592596954139E-005 ,   2.4997914685088116E-006 ,   7.3893143037521611E-005 ,   3.9643217029065773E-006 ,   6.0029820968164849E-006 ,   1.1877348954374822E-003 ,  -4.2454353876418827E-005 ,  -3.7086859614302690E-005 ,  -7.0208088403940754E-003 ,   8.1762144171222318E-006 ,   0.0000000000000000      ,   0.0000000000000000      ,   0.0000000000000000      ,   0.0000000000000000      ,   0.0000000000000000     
  0.67965141896333181      ,   1.7516641349218931E-018 ,   1.3945754199795424E-003 ,   5.1695743863532928E-003 ,   1.1896564768675638E-003 ,   1.4389162003072096E-003 ,  -2.5228637971923436E-004 ,  -9.5890709458623416E-006 ,  -1.6789477733042319E-006 ,   8.4863550486488008E-005 ,   4.2150093899049043E-006 ,   7.0550029067128354E-006 ,   1.2477248257357710E-003 ,  -9.4782516304048033E-004 ,  -5.1332834007603744E-005 ,  -7.0567334382752320E-003 ,   8.6591412857467667E-006 ,   0.0000000000000000      ,   0.0000000000000000      ,   0.0000000000000000      ,   0.0000000000000000      ,   0.0000000000000000     
  0.67050125393621052      ,   4.4045713257223618E-019 ,   2.4711477746515794E-003 ,   5.6063330474109274E-003 ,   1.2116596047238267E-003 ,   1.4507889675690773E-003 ,  -2.8181110273037616E-004 ,  -8.2796614066919985E-006 ,  -1.9167917596209059E-006 ,   1.0024540754986853E-004 ,   4.3780733030134203E-006 ,   6.8804488800468626E-006 ,   1.3045346375025872E-003 ,  -1.6569076815655601E-003 ,  -4.8847856278053036E-005 ,  -7.0787348333103579E-003 ,   9.2206080390233293E-006 ,   0.0000000000000000      ,   0.0000000000000000      ,   0.0000000000000000      ,   0.0000000000000000      ,   0.0000000000000000     
  0.66199393704759724      ,   1.6500201812513771E-018 ,   3.1714952538767329E-003 ,   6.0853557510084366E-003 ,   1.2170946620400681E-003 ,   1.4693600129625870E-003 ,  -3.1210821018172810E-004 ,  -7.7116371803432912E-006 ,   1.8159136280246298E-006 ,   1.1835584214608009E-004 ,   4.4531601269915033E-006 ,   6.7443976452808160E-006 ,   1.3518687894757259E-003 ,  -2.0995106294416275E-003 ,  -3.5827108210800917E-005 ,  -7.0842035815818320E-003 ,   9.7351583843482604E-006 ,   0.0000000000000000      ,   0.0000000000000000      ,   0.0000000000000000      ,   0.0000000000000000      ,   0.0000000000000000     
  0.65414046215423916      ,   1.3518645838178633E-018 ,   3.4113061815005306E-003 ,   6.5849562602670053E-003 ,   1.2081963097203060E-003 ,   1.5193324002690215E-003 ,  -3.4453545578656299E-004 ,  -6.7890160911906719E-006 ,   3.7950649343991833E-006 ,   1.3702602666965113E-004 ,   4.3979271051072338E-006 ,   7.1772332049177655E-006 ,   1.3885407306671615E-003 ,  -2.2314734021163700E-003 ,  -2.3887172517999696E-005 ,  -7.0754224767971031E-003 ,   1.0105208509228843E-005 ,   0.0000000000000000      ,   0.0000000000000000      ,   0.0000000000000000      ,   0.0000000000000000      ,   0.0000000000000000     
  0.64642941418025557      ,  -2.3513634615779377E-018 ,   3.2774932876510183E-003 ,   7.0915932245085300E-003 ,   1.1890636918726247E-003 ,   1.6002928600868649E-003 ,  -3.7633736905695429E-004 ,  -5.4182229124808930E-006 ,   2.2963464123249521E-006 ,   1.5372040197589299E-004 ,   4.3074317622728948E-006 ,   8.0839245574806021E-006 ,   1.4131241733718585E-003 ,  -2.1186680659159678E-003 ,  -1.9725420851130670E-005 ,  -7.0562099576551955E-003 ,   1.0393712603670469E-005 ,   0.0000000000000000      ,   0.0000000000000000      ,   0.0000000000000000      ,   0.0000000000000000      ,   0.0000000000000000     
  0.63842218158869990      ,  -9.2157184661267877E-019 ,   2.9006868737982148E-003 ,   7.6701271393068149E-003 ,   1.1574141187406192E-003 ,   1.6765020520559211E-003 ,  -4.2566803873155673E-004 ,  -3.8858081147316668E-006 ,  -5.1505264897229019E-007 ,   1.7594238557826626E-004 ,   4.2002585381725639E-006 ,   8.8372323111148541E-006 ,   1.4260805497084673E-003 ,  -1.8518628420759620E-003 ,  -2.3531293412780602E-005 ,  -7.0248146293986624E-003 ,   1.0677734223057101E-005 ,   0.0000000000000000      ,   0.0000000000000000      ,   0.0000000000000000      ,   0.0000000000000000      ,   0.0000000000000000     
  0.62988235306883700      ,   9.3512437376874757E-019 ,   2.4314090644521227E-003 ,   8.3279641693511652E-003 ,   1.1105458037608553E-003 ,   1.7294532462711341E-003 ,  -4.9320800917300109E-004 ,  -2.4348397435124569E-006 ,  -1.6145464545729252E-006 ,   2.0661343974233675E-004 ,   3.9901648135022097E-006 ,   9.2729968122114989E-006 ,   1.4228529290292800E-003 ,  -1.5315016627900026E-003 ,  -2.8889153753325336E-005 ,  -6.9776660644659920E-003 ,   1.0761178968860078E-005 ,   0.0000000000000000      ,   0.0000000000000000      ,   0.0000000000000000      ,   0.0000000000000000      ,   0.0000000000000000     
  0.62046526808791813      ,   2.1684043449710089E-018 ,   2.0511812548956562E-003 ,   9.0252179150782097E-003 ,   1.0447258654411855E-003 ,   1.7749724105104408E-003 ,  -5.5198000777768874E-004 ,  -9.1635786381173429E-007 ,   8.8475128407930714E-008 ,   2.3704497905445454E-004 ,   3.6072786647525691E-006 ,   9.5432569305496456E-006 ,   1.4021448071138492E-003 ,  -1.2726867272157456E-003 ,  -3.2166846539695720E-005 ,  -6.9122460491242927E-003 ,   1.0604726382518529E-005 ,   0.0000000000000000      ,   0.0000000000000000      ,   0.0000000000000000      ,   0.0000000000000000      ,   0.0000000000000000     
  0.60979675554502055      ,  -1.0842021724855044E-018 ,   1.8189903141478793E-003 ,   9.8038327144625570E-003 ,   9.6131957727804110E-004 ,   1.8154123354553195E-003 ,  -5.9855804846130345E-004 ,   7.5593291707300144E-007 ,   1.4502070842510529E-006 ,   2.6732182886671685E-004 ,   3.1262907830964171E-006 ,   9.7609132129703636E-006 ,   1.3742305869756950E-003 ,  -1.1092143919351944E-003 ,  -3.4193458543107926E-005 ,  -6.8283736265685856E-003 ,   1.0268064878563836E-005 ,   0.0000000000000000      ,   0.0000000000000000      ,   0.0000000000000000      ,   0.0000000000000000      ,   0.0000000000000000     
  0.59757212541799998      ,   9.7578195523695399E-019 ,   1.6750544260074177E-003 ,   1.0691365031247679E-002 ,   8.6309550209279218E-004 ,   1.8435254375840668E-003 ,  -6.4790413881094314E-004 ,   2.2715993399692075E-006 ,   3.2027433319633369E-006 ,   3.0214518538495432E-004 ,   2.6174161673353692E-006 ,   1.0027876671438535E-005 ,   1.3402807681301249E-003 ,  -1.0009658335400806E-003 ,  -3.4197032221987731E-005 ,  -6.7307095625592037E-003 ,   1.0023414177261141E-005 ,   0.0000000000000000      ,   0.0000000000000000      ,   0.0000000000000000      ,   0.0000000000000000      ,   0.0000000000000000     
  0.58346934761006142      ,  -5.4210108624275222E-019 ,   1.5841460258479182E-003 ,   1.1623543293828642E-002 ,   7.5862899552521480E-004 ,   1.8418411576610670E-003 ,  -6.9515326078192427E-004 ,   3.1919821959672062E-006 ,   6.5805922411121169E-006 ,   3.4009955750271669E-004 ,   2.1339465361392711E-006 ,   9.9152007049397784E-006 ,   1.3044815985528977E-003 ,  -9.2430064822055630E-004 ,  -3.2040679337047822E-005 ,  -6.6255796381688749E-003 ,   9.7895441190087377E-006 ,   0.0000000000000000      ,   0.0000000000000000      ,   0.0000000000000000      ,   0.0000000000000000      ,   0.0000000000000000     
  0.56701260088323879      ,   8.1315162936412833E-019 ,   1.5367666570730459E-003 ,   1.2470548560322481E-002 ,   6.5210438827569049E-004 ,   1.8059851635754804E-003 ,  -7.2552465936869329E-004 ,   3.4098828862090140E-006 ,   8.7909620710107009E-006 ,   3.7389470187982796E-004 ,   1.6823747193066057E-006 ,   9.4692863086063452E-006 ,   1.2591898532843451E-003 ,  -8.7136605917762801E-004 ,  -2.9550012238789219E-005 ,  -6.5197939241130771E-003 ,   9.6708014599616773E-006 ,   0.0000000000000000      ,   0.0000000000000000      ,   0.0000000000000000      ,   0.0000000000000000      ,   0.0000000000000000     
  0.54747857347790763      ,  -1.0842021724855044E-019 ,   1.5161473259335222E-003 ,   1.3120242095934875E-002 ,   5.5022780109378368E-004 ,   1.7413116044163051E-003 ,  -7.2191770404340244E-004 ,   3.0765362246084744E-006 ,   8.8684494194083320E-006 ,   3.9891368829658561E-004 ,   1.2700342784510973E-006 ,   8.8413126853286527E-006 ,   1.2021921575434923E-003 ,  -8.3005817518442898E-004 ,  -2.6525579033514669E-005 ,  -6.4170079284746216E-003 ,   9.4624648308710448E-006 ,   0.0000000000000000      ,   0.0000000000000000      ,   0.0000000000000000      ,   0.0000000000000000      ,   0.0000000000000000     
  0.52396681234770293      ,  -2.7105054312137611E-019 ,   1.5543242581435128E-003 ,   1.3561822476622742E-002 ,   4.5086012489158555E-004 ,   1.6546286485795568E-003 ,  -6.5919959321632249E-004 ,   2.3935872803024245E-006 ,   9.2766164136149251E-006 ,   4.1552911083085208E-004 ,   8.8845379593168981E-007 ,   8.1339457486418372E-006 ,   1.1247986021558588E-003 ,  -8.1441432689416458E-004 ,  -2.0263811465099077E-005 ,  -6.3186049488321867E-003 ,   9.3321655786687753E-006 ,   0.0000000000000000      ,   0.0000000000000000      ,   0.0000000000000000      ,   0.0000000000000000      ,   0.0000000000000000     
  0.49557637460015863      ,  -8.9446679230054116E-019 ,   1.7095043438987627E-003 ,   1.3847869593208217E-002 ,   3.5865641040624117E-004 ,   1.5536323137256892E-003 ,  -5.2097562871523256E-004 ,   1.6359348898986434E-006 ,   1.1600457172321256E-005 ,   4.2324842993068696E-004 ,   5.8692929265109252E-007 ,   7.3831107351810890E-006 ,   1.0341923582922975E-003 ,  -8.4718996511257160E-004 ,  -1.2063351629387774E-005 ,  -6.2252054404115693E-003 ,   9.0934081219589939E-006 ,   0.0000000000000000      ,   0.0000000000000000      ,   0.0000000000000000      ,   0.0000000000000000      ,   0.0000000000000000     
  0.46134257899377679      ,   5.1499603193061461E-019 ,   1.9589108528190683E-003 ,   1.3930282114785725E-002 ,   2.7042676846977169E-004 ,   1.4387959937797172E-003 ,  -3.1676142684429129E-004 ,   9.6923588226285815E-007 ,   1.4959158747174362E-005 ,   4.1774755174274068E-004 ,   3.6405962811634481E-007 ,   6.6443493330311812E-006 ,   9.1613871921916484E-004 ,  -9.0372898485844763E-004 ,  -5.1738833189898575E-006 ,  -6.1382002357512249E-003 ,   8.8970806817910682E-006 ,   0.0000000000000000      ,   0.0000000000000000      ,   0.0000000000000000      ,   0.0000000000000000      ,   0.0000000000000000     
  0.42008301673921883      ,  -1.6669608401964631E-018 ,   2.1877494183008047E-003 ,   1.3588470140706715E-002 ,   1.9375082350436436E-004 ,   1.3043747080343595E-003 ,  -7.1304039803335439E-005 ,   5.1138886096381732E-007 ,   1.7006799632917403E-005 ,   3.9225955664885391E-004 ,   2.1511724063490070E-007 ,   6.0050882795305220E-006 ,   7.7355617516396428E-004 ,  -9.1903637550927323E-004 ,  -1.6615156160483298E-006 ,  -6.0600961996331746E-003 ,   8.6340788339146285E-006 ,   0.0000000000000000      ,   0.0000000000000000      ,   0.0000000000000000      ,   0.0000000000000000      ,   0.0000000000000000     
  0.37046081312709783      ,   1.0909784360635388E-018 ,   2.2801980004438236E-003 ,   1.2474151549643431E-002 ,   1.2417677796866788E-004 ,   1.1418180988860042E-003 ,   1.7100088517219177E-004 ,   2.3207299359949007E-007 ,   1.6415486785360052E-005 ,   3.3885101350326175E-004 ,   1.0327132464536393E-007 ,   5.2474566006398888E-006 ,   5.9220809649016318E-004 ,  -8.4472400533520150E-004 ,  -3.2113562892273842E-007 ,  -5.9918920481837213E-003 ,   8.3181527841178605E-006 ,   0.0000000000000000      ,   0.0000000000000000      ,   0.0000000000000000      ,   0.0000000000000000      ,   0.0000000000000000     
  0.31144205735540298      ,  -9.7578195523695399E-019 ,   2.1796314750311052E-003 ,   1.0321548956993276E-002 ,   7.1531304790099846E-005 ,   9.4528984153429156E-004 ,   3.3571269278651408E-004 ,   9.6434295866502529E-008 ,   1.3899435962256750E-005 ,   2.5582061859447748E-004 ,   3.9578712700070488E-008 ,   4.1111004763375722E-006 ,   4.0067644594091466E-004 ,  -6.7882891086027905E-004 ,  -6.6809564063192569E-008 ,  -5.9378173228011649E-003 ,   8.1151985956204236E-006 ,   0.0000000000000000      ,   0.0000000000000000      ,   0.0000000000000000      ,   0.0000000000000000      ,   0.0000000000000000     
  0.24288756487920490      ,   5.0144350477454580E-019 ,   1.8743872972535425E-003 ,   7.1879460266774872E-003 ,   3.0324692049383152E-005 ,   7.1203241473904630E-004 ,   3.3662295181092344E-004 ,   2.5798985284519217E-008 ,   9.9616226387475691E-006 ,   1.5066047347628444E-004 ,   7.9596142888445340E-009 ,   2.6324844667210008E-006 ,   2.0918418300195995E-004 ,  -4.5526536627042734E-004 ,   9.4516067682299719E-008 ,  -5.8977896176750462E-003 ,   7.7198186284801199E-006 ,   0.0000000000000000      ,   0.0000000000000000      ,   0.0000000000000000      ,   0.0000000000000000      ,   0.0000000000000000     
  0.16615017743466687      ,  -5.1181965837841098E-019 ,   1.3732924425345211E-003 ,   3.6908663072329588E-003 ,   9.0074944022072998E-006 ,   4.4215080392761246E-004 ,   1.7610218459316587E-004 ,   2.7987738826395352E-009 ,   5.0948982140723500E-006 ,   5.1182560587474945E-005 ,   7.4341673506915368E-010 ,   1.1462161176308145E-006 ,   7.4370854659906846E-005 ,  -2.2817278299679773E-004 ,  -1.7896708674303859E-007 ,  -5.8755184537324957E-003 ,   7.6648530048980119E-006 ,   0.0000000000000000      ,   0.0000000000000000      ,   0.0000000000000000      ,   0.0000000000000000      ,   0.0000000000000000     
   8.4175193001439649E-002 ,   3.8222361744850303E-019 ,   7.2099387494919357E-004 ,   9.8852978030841785E-004 ,   3.8373912993411692E-007 ,   1.5681712056017820E-004 ,   2.9430206677552454E-005 ,   1.1594633334655585E-011 ,   1.0413478740415594E-006 ,   4.5457365979892261E-006 ,   1.4110954660204628E-012 ,   1.6137828193218484E-007 ,   7.3639262673060529E-006 ,  -6.0689798576704209E-005 ,  -3.2797291171745898E-008 ,  -5.8674382326876807E-003 ,   7.4406844265204533E-006 ,   0.0000000000000000      ,   0.0000000000000000      ,   0.0000000000000000      ,   0.0000000000000000      ,   0.0000000000000000     
   6.2038545941477076E-024 ,   0.0000000000000000      ,   3.0277395358855041E-022 ,   1.6001694191323221E-013 ,   0.0000000000000000      ,   9.6644281681915068E-014 ,  -1.1628533658414427E-020 ,   0.0000000000000000      ,  -5.6783835649807538E-021 ,   2.2761138538216803E-025 ,   0.0000000000000000      ,   6.1490103873525940E-026 ,   0.0000000000000000      ,  -1.8783655829585933E-045 ,   0.0000000000000000      ,  -5.8663857201345648E-003 ,   7.6022380697194484E-006 ,   0.0000000000000000      ,   0.0000000000000000      ,   0.0000000000000000      ,   0.0000000000000000      ,   0.0000000000000000     
