 mean[u],mean[v],mean[w],var[u],var[v],var[w],skew[u],skew[v],skew[w],kurt[u],kurt[v],kurt[w],<u'v'>,<u'w'>,<v'w'>,mean[p],var[p],mean[phi],var[phi],<u'phi'>,<v'phi'>,<w'phi'>
   3.8050308177439273E-023 ,   0.0000000000000000      ,  -2.3152268357476399E-021 ,   1.7736798000569812E-013 ,   0.0000000000000000      ,   1.1952579973460899E-013 ,  -1.9835893707134641E-020 ,   0.0000000000000000      ,   2.0174628111124792E-021 ,   3.9582822638332587E-025 ,   0.0000000000000000      ,   1.1974648558734933E-025 ,   0.0000000000000000      ,   8.8095094600875275E-044 ,   0.0000000000000000      ,  -6.6606321393313994E-003 ,   8.3312530804533145E-006 ,   0.0000000000000000      ,   0.0000000000000000      ,   0.0000000000000000      ,   0.0000000000000000      ,   0.0000000000000000     
   8.1514664329456948E-002 ,  -4.2605757246891307E-019 ,   5.1976918438596798E-004 ,   8.0447556578592400E-004 ,   3.8738563305371562E-007 ,   1.5843347025753374E-004 ,   1.7849107339211234E-005 ,  -1.5532461153107680E-011 ,   3.3158128479243326E-007 ,   2.2645027649314147E-006 ,   7.9472015267565368E-013 ,   1.0125228391562760E-007 ,  -6.3840944502382809E-006 ,  -4.2368810594017796E-005 ,   7.1604436962125432E-008 ,  -6.6617225687690840E-003 ,   8.1543785565137762E-006 ,   0.0000000000000000      ,   0.0000000000000000      ,   0.0000000000000000      ,   0.0000000000000000      ,   0.0000000000000000     
  0.16114070545494874      ,   7.8604657505199071E-019 ,   1.0847155629138971E-003 ,   3.0531676006430274E-003 ,   9.1024872386030343E-006 ,   4.3772334592750897E-004 ,   1.1666646922626664E-004 ,  -1.4530936753906169E-009 ,   1.6516245853801371E-006 ,   2.9425966786469440E-005 ,   4.1014429611580450E-010 ,   7.1886350168179044E-007 ,  -6.9393929440193881E-005 ,  -1.7479183102590723E-004 ,   7.4068970644974134E-007 ,  -6.6698714739954097E-003 ,   8.4222509850998993E-006 ,   0.0000000000000000      ,   0.0000000000000000      ,   0.0000000000000000      ,   0.0000000000000000      ,   0.0000000000000000     
  0.23589280166790827      ,  -8.7413800156643795E-019 ,   1.7521983888193007E-003 ,   6.0621163129801342E-003 ,   3.0617393221932577E-005 ,   7.0034608363244485E-004 ,   2.4184322674752467E-004 ,  -1.0111426560873033E-008 ,   3.9123663389707477E-006 ,   9.8689587705826039E-005 ,   4.2266158328820518E-009 ,   1.7354751595880549E-006 ,  -2.0806159817471256E-004 ,  -4.1333098701657974E-004 ,   5.4837100895321338E-007 ,  -6.6923893495333189E-003 ,   8.5350098463413517E-006 ,   0.0000000000000000      ,   0.0000000000000000      ,   0.0000000000000000      ,   0.0000000000000000      ,   0.0000000000000000     
  0.30249092076674361      ,   4.7433845046240819E-019 ,   2.4819464401623446E-003 ,   8.8119653707818268E-003 ,   7.3176850850089107E-005 ,   9.4918780053279662E-004 ,   2.5108273020842641E-004 ,  -5.9459444615816967E-008 ,   7.6084830322467317E-006 ,   1.8004678403598355E-004 ,   2.2823987496918631E-008 ,   3.1569889228604909E-006 ,  -4.1424765334161889E-004 ,  -7.5076626397844917E-004 ,  -3.3076214436967611E-006 ,  -6.7336742471320451E-003 ,   9.0698804225087734E-006 ,   0.0000000000000000      ,   0.0000000000000000      ,   0.0000000000000000      ,   0.0000000000000000      ,   0.0000000000000000     
  0.35934705171213710      ,  -7.9959910220805952E-019 ,   3.1074019327178327E-003 ,   1.0708533870264464E-002 ,   1.2920476824834675E-004 ,   1.1991247564553313E-003 ,   1.2607656212670036E-004 ,  -2.0729000792279488E-007 ,   1.2325319034806069E-005 ,   2.4419666168573861E-004 ,   6.8438857962896340E-008 ,   5.1325380107985039E-006 ,  -6.2661561651449914E-004 ,  -1.1166357230067499E-003 ,  -1.2593749571756691E-005 ,  -6.7912687690888946E-003 ,   9.4468007359104975E-006 ,   0.0000000000000000      ,   0.0000000000000000      ,   0.0000000000000000      ,   0.0000000000000000      ,   0.0000000000000000     
  0.40663031170150088      ,   1.0706496453294356E-018 ,   3.4586218200641653E-003 ,   1.1660255646581380E-002 ,   2.0669415548657812E-004 ,   1.4390409870517053E-003 ,  -5.7805495194010112E-005 ,  -5.5521981469994724E-007 ,   1.5677197988077477E-005 ,   2.8279444672744752E-004 ,   1.7126456460502891E-007 ,   7.4089460350281153E-006 ,  -8.2973579292492002E-004 ,  -1.4063804687503038E-003 ,  -2.4313537480384183E-005 ,  -6.8671798997958604E-003 ,   1.0026277822886985E-005 ,   0.0000000000000000      ,   0.0000000000000000      ,   0.0000000000000000      ,   0.0000000000000000      ,   0.0000000000000000     
  0.44557531777466292      ,  -4.2012834183813297E-019 ,   3.4723935736367326E-003 ,   1.1863141796538579E-002 ,   2.9627298714388615E-004 ,   1.6412935011341375E-003 ,  -2.3152691713763940E-004 ,  -1.1190317106781590E-006 ,   1.6600840836776654E-005 ,   2.9793745567508259E-004 ,   3.4428322055975128E-007 ,   9.2804905945667318E-006 ,  -9.9192438021951010E-004 ,  -1.5472128700118844E-003 ,  -3.4604335573182099E-005 ,  -6.9584309117159283E-003 ,   1.0637714194802548E-005 ,   0.0000000000000000      ,   0.0000000000000000      ,   0.0000000000000000      ,   0.0000000000000000      ,   0.0000000000000000     
  0.47778854970506890      ,   2.7105054312137611E-019 ,   3.2030314669577436E-003 ,   1.1616578125794919E-002 ,   4.0407710956689915E-004 ,   1.7978170415943369E-003 ,  -3.6084425360715169E-004 ,  -1.8918708075889972E-006 ,   1.6790893256616410E-005 ,   2.9674499459193208E-004 ,   6.1993326633069750E-007 ,   1.0522645858295587E-005 ,  -1.1231132263027493E-003 ,  -1.5303717592574397E-003 ,  -4.0477621135702929E-005 ,  -7.0647253194862309E-003 ,   1.1242388334880256E-005 ,   0.0000000000000000      ,   0.0000000000000000      ,   0.0000000000000000      ,   0.0000000000000000      ,   0.0000000000000000     
  0.50476545758040137      ,  -1.9515639104739080E-018 ,   2.7693154436772213E-003 ,   1.1157106707464948E-002 ,   5.1978456204211968E-004 ,   1.9216091792003509E-003 ,  -4.4186719816844203E-004 ,  -2.7127880777449091E-006 ,   1.6185571851524425E-005 ,   2.8562337036308139E-004 ,   9.8324287465434423E-007 ,   1.1569664994061667E-005 ,  -1.2160421414701853E-003 ,  -1.3978547771122049E-003 ,  -4.0976244408743856E-005 ,  -7.1819406210767989E-003 ,   1.1920823347011386E-005 ,   0.0000000000000000      ,   0.0000000000000000      ,   0.0000000000000000      ,   0.0000000000000000      ,   0.0000000000000000     
  0.52769524340003104      ,   1.3552527156068805E-018 ,   2.2951710915242391E-003 ,   1.0616596250203392E-002 ,   6.4543195309697593E-004 ,   2.0197764102189010E-003 ,  -4.8422671946663984E-004 ,  -3.4762772504092807E-006 ,   1.2600411379547619E-005 ,   2.6939507654852204E-004 ,   1.4555196651091628E-006 ,   1.2671437755054224E-005 ,  -1.2880038069350225E-003 ,  -1.2111508677865983E-003 ,  -3.7137812195909961E-005 ,  -7.3062882105845309E-003 ,   1.2419182194611744E-005 ,   0.0000000000000000      ,   0.0000000000000000      ,   0.0000000000000000      ,   0.0000000000000000      ,   0.0000000000000000     
  0.54744836397953989      ,  -1.9380113833178392E-018 ,   1.8779729251992686E-003 ,   1.0038872012388067E-002 ,   7.6979607890029765E-004 ,   2.0959515522372377E-003 ,  -4.9956920396168961E-004 ,  -3.8472180141416194E-006 ,   6.0360286549038971E-006 ,   2.5023351572892104E-004 ,   2.0105426878493767E-006 ,   1.3644324925318180E-005 ,  -1.3368737215104247E-003 ,  -1.0280932054982104E-003 ,  -3.0304815836409093E-005 ,  -7.4318848148067444E-003 ,   1.2908336448031272E-005 ,   0.0000000000000000      ,   0.0000000000000000      ,   0.0000000000000000      ,   0.0000000000000000      ,   0.0000000000000000     
  0.56475627792821159      ,   1.2468324983583301E-018 ,   1.5845421542059410E-003 ,   9.4261894829594239E-003 ,   8.9009423390497061E-004 ,   2.1614172152294876E-003 ,  -4.9253087023452477E-004 ,  -3.4902099995124405E-006 ,  -1.5236753935106926E-006 ,   2.2803181957276020E-004 ,   2.6437277229942568E-006 ,   1.4501837341251050E-005 ,  -1.3692264897342263E-003 ,  -8.9488012922969750E-004 ,  -2.2215726733935288E-005 ,  -7.5511365247079897E-003 ,   1.3099608695740057E-005 ,   0.0000000000000000      ,   0.0000000000000000      ,   0.0000000000000000      ,   0.0000000000000000      ,   0.0000000000000000     
  0.58032520177539848      ,   2.4123498337802474E-018 ,   1.4654119558485605E-003 ,   8.7635169672237168E-003 ,   9.9405390134289329E-004 ,   2.2225405429180281E-003 ,  -4.6503336203211967E-004 ,  -2.1202769968832345E-006 ,  -9.2231781195710671E-006 ,   2.0346780199671593E-004 ,   3.2643495663822844E-006 ,   1.5350454868765684E-005 ,  -1.3795736717417773E-003 ,  -8.5041548896189721E-004 ,  -1.3613099770947339E-005 ,  -7.6560709870656714E-003 ,   1.3196423871254570E-005 ,   0.0000000000000000      ,   0.0000000000000000      ,   0.0000000000000000      ,   0.0000000000000000      ,   0.0000000000000000     
  0.59475745034558813      ,   4.3368086899420177E-019 ,   1.5834629692328729E-003 ,   8.0727807656377215E-003 ,   1.0784209413875472E-003 ,   2.2753454113615310E-003 ,  -4.2806435495791606E-004 ,   9.0496517905988202E-008 ,  -1.6530904469526032E-005 ,   1.7963486817132706E-004 ,   3.8056465610029844E-006 ,   1.6122647927743301E-005 ,  -1.3772553384381722E-003 ,  -9.4177639829759799E-004 ,  -4.9265275814997420E-006 ,  -7.7396417206464074E-003 ,   1.3016417804581431E-005 ,   0.0000000000000000      ,   0.0000000000000000      ,   0.0000000000000000      ,   0.0000000000000000      ,   0.0000000000000000     
  0.60837724672264304      ,  -2.7376104855258987E-018 ,   2.0262701420980006E-003 ,   7.4016390724647163E-003 ,   1.1391373017746705E-003 ,   2.3073378057095833E-003 ,  -3.9354154507482281E-004 ,   2.8708222141291192E-006 ,  -2.0937787914801427E-005 ,   1.5775975638480033E-004 ,   4.2050147152315869E-006 ,   1.6696549933683885E-005 ,  -1.3641671989500191E-003 ,  -1.2327366501658802E-003 ,   3.8538252707067421E-006 ,  -7.8010362272976572E-003 ,   1.2796216287668850E-005 ,   0.0000000000000000      ,   0.0000000000000000      ,   0.0000000000000000      ,   0.0000000000000000      ,   0.0000000000000000     
  0.62120433602616076      ,  -2.6834003769016235E-018 ,   2.8603431730772860E-003 ,   6.7849964499824833E-003 ,   1.1801696813203198E-003 ,   2.3111237340492554E-003 ,  -3.5652394391603483E-004 ,   5.8445462669196385E-006 ,  -2.1041732656320382E-005 ,   1.3640937875221849E-004 ,   4.4632244807598476E-006 ,   1.6846928869112026E-005 ,  -1.3463657117662605E-003 ,  -1.7768575816384372E-003 ,   1.0670828352308724E-005 ,  -7.8415234217754509E-003 ,   1.2425989917311484E-005 ,   0.0000000000000000      ,   0.0000000000000000      ,   0.0000000000000000      ,   0.0000000000000000      ,   0.0000000000000000     
  0.63313249579802577      ,  -5.4210108624275222E-018 ,   4.0758252559837662E-003 ,   6.2039480710895933E-003 ,   1.2011950610254177E-003 ,   2.2928334756002404E-003 ,  -3.0778934349218537E-004 ,   8.6207677737305147E-006 ,  -1.7566155287543736E-005 ,   1.1491018422483457E-004 ,   4.5692949937050579E-006 ,   1.6834667060137011E-005 ,  -1.3216384339048088E-003 ,  -2.5805374167576292E-003 ,   1.4931087252999146E-005 ,  -7.8629826280297802E-003 ,   1.2036013115097554E-005 ,   0.0000000000000000      ,   0.0000000000000000      ,   0.0000000000000000      ,   0.0000000000000000      ,   0.0000000000000000     
  0.64425753424842203      ,   2.7105054312137611E-018 ,   5.5673400007814691E-003 ,   5.6250661903590182E-003 ,   1.2052186107265389E-003 ,   2.2394852114874177E-003 ,  -2.4743815497526613E-004 ,   1.0753724869158516E-005 ,  -1.2770784254788953E-005 ,   9.3019680872066910E-005 ,   4.5657569930153878E-006 ,   1.6529046650691028E-005 ,  -1.2854841704609769E-003 ,  -3.5868007412260773E-003 ,   1.7584550203009014E-005 ,  -7.8666929489263938E-003 ,   1.1537249188962686E-005 ,   0.0000000000000000      ,   0.0000000000000000      ,   0.0000000000000000      ,   0.0000000000000000      ,   0.0000000000000000     
  0.65486100262798430      ,   7.0473141211557788E-019 ,   7.1007309706766497E-003 ,   5.0391116761848709E-003 ,   1.1968329553204023E-003 ,   2.1398719873600590E-003 ,  -1.7852033522223858E-004 ,   1.2311973205236535E-005 ,  -1.0570775441264215E-005 ,   7.2158850237261194E-005 ,   4.5274005919685739E-006 ,   1.5329106185592659E-005 ,  -1.2334414943447531E-003 ,  -4.6499918028488907E-003 ,   1.7857068089581393E-005 ,  -7.8584048398626372E-003 ,   1.1012634497900952E-005 ,   0.0000000000000000      ,   0.0000000000000000      ,   0.0000000000000000      ,   0.0000000000000000      ,   0.0000000000000000     
  0.66507625118627389      ,  -1.0842021724855044E-018 ,   8.2346409016254667E-003 ,   4.5102451382904585E-003 ,   1.1840901867699088E-003 ,   2.0325666395816606E-003 ,  -1.2235331421947375E-004 ,   1.3681632413454290E-005 ,  -1.3611838957860969E-005 ,   5.6300375513555377E-005 ,   4.5060764546595662E-006 ,   1.3738442868950703E-005 ,  -1.1743543701144285E-003 ,  -5.4766641007182237E-003 ,   7.3602761199033835E-006 ,  -7.8456011845092054E-003 ,   1.0410508400971580E-005 ,   0.0000000000000000      ,   0.0000000000000000      ,   0.0000000000000000      ,   0.0000000000000000      ,   0.0000000000000000     
  0.67506306074493316      ,   0.0000000000000000      ,   8.3386547334662296E-003 ,   4.1082273034582228E-003 ,   1.1678206862856479E-003 ,   1.9389768374140168E-003 ,  -9.6502722130435356E-005 ,   1.5572638166725484E-005 ,  -1.6945658030588218E-005 ,   4.7250415636742129E-005 ,   4.5386710038799616E-006 ,   1.2531057270560643E-005 ,  -1.1072089111742668E-003 ,  -5.6291177868689375E-003 ,  -2.4261879883016199E-005 ,  -7.8291744089778580E-003 ,   9.7553634360050497E-006 ,   0.0000000000000000      ,   0.0000000000000000      ,   0.0000000000000000      ,   0.0000000000000000      ,   0.0000000000000000     
  0.68535585631110507      ,   2.2226144535952841E-018 ,   7.0521854424691662E-003 ,   3.8306260738392717E-003 ,   1.1461074630173223E-003 ,   1.8459929112214757E-003 ,  -1.0194885081370696E-004 ,   1.7936977036143446E-005 ,  -1.7309433124511760E-005 ,   4.3747844928572108E-005 ,   4.5744929449856793E-006 ,   1.1592383535844326E-005 ,  -1.0298881291173625E-003 ,  -4.8332565927881651E-003 ,  -6.2857740344875518E-005 ,  -7.8075145515755133E-003 ,   8.9994792615003585E-006 ,   0.0000000000000000      ,   0.0000000000000000      ,   0.0000000000000000      ,   0.0000000000000000      ,   0.0000000000000000     
  0.69644777196593743      ,  -1.2468324983583301E-018 ,   4.6956677595146610E-003 ,   3.6082519537098956E-003 ,   1.1116702536219253E-003 ,   1.7799335111456655E-003 ,  -1.1967232574662187E-004 ,   1.9415767572704137E-005 ,  -1.7948380050138087E-005 ,   4.3025117186263815E-005 ,   4.4628754330841572E-006 ,   1.0647522169464329E-005 ,  -9.4701802788588055E-004 ,  -3.2702873490062711E-003 ,  -8.0936261937951200E-005 ,  -7.7726686173379515E-003 ,   8.1309254359317968E-006 ,   0.0000000000000000      ,   0.0000000000000000      ,   0.0000000000000000      ,   0.0000000000000000      ,   0.0000000000000000     
  0.70843920862233190      ,   5.4210108624275222E-019 ,   1.9273181857180732E-003 ,   3.3411207446762958E-003 ,   1.0573385643280744E-003 ,   1.7505711948141601E-003 ,  -1.2751137010939828E-004 ,   1.8258831664856069E-005 ,  -1.7826400422197375E-005 ,   4.1311407110966776E-005 ,   4.0120084892572334E-006 ,   9.7713999134572133E-006 ,  -8.6094782395354562E-004 ,  -1.3653877702535402E-003 ,  -8.1932730702065059E-005 ,  -7.7187411375021428E-003 ,   7.0444041795064688E-006 ,   0.0000000000000000      ,   0.0000000000000000      ,   0.0000000000000000      ,   0.0000000000000000      ,   0.0000000000000000     
  0.72089079330159289      ,   2.1684043449710089E-018 ,  -5.2048879248526117E-004 ,   3.0646497785749016E-003 ,   9.9451156230510656E-004 ,   1.6526213014649686E-003 ,  -1.3576139874999209E-004 ,   1.4483630577737629E-005 ,  -1.7497039580521622E-005 ,   3.9570897870765261E-005 ,   3.3287656453404696E-006 ,   8.7383326938153596E-006 ,  -7.7806093936526387E-004 ,   3.7521557851928806E-004 ,  -7.4316408748281395E-005 ,  -7.6550232364014648E-003 ,   6.0150393924487849E-006 ,   0.0000000000000000      ,   0.0000000000000000      ,   0.0000000000000000      ,   0.0000000000000000      ,   0.0000000000000000     
  0.73293520342342144      ,   4.2825985813177425E-018 ,  -2.3253224945863947E-003 ,   2.7592239445646261E-003 ,   9.5845789586352661E-004 ,   1.4707312113547957E-003 ,  -1.1671401326934436E-004 ,   1.0724542276176077E-005 ,  -1.7328463667215944E-005 ,   2.9409323610427452E-005 ,   2.9253065760343750E-006 ,   7.2279276887171162E-006 ,  -6.9603215512203259E-004 ,   1.7043107155947370E-003 ,  -5.7255780112254153E-005 ,  -7.6199751633246431E-003 ,   5.2084567633879650E-006 ,   0.0000000000000000      ,   0.0000000000000000      ,   0.0000000000000000      ,   0.0000000000000000      ,   0.0000000000000000     
  0.74376028732866539      ,   1.0842021724855044E-019 ,  -3.6725820675746279E-003 ,   2.4456853195450323E-003 ,   9.5195652999343293E-004 ,   1.2794183887274251E-003 ,  -9.1356386339625992E-005 ,   8.2727652497291372E-006 ,  -1.3275060720137696E-005 ,   2.0252125136259003E-005 ,   2.8753919478358671E-006 ,   5.5745879123845404E-006 ,  -6.2493413637089207E-004 ,   2.7315206938174092E-003 ,  -3.3674542206017297E-005 ,  -7.6122777020902997E-003 ,   4.5925587817638943E-006 ,   0.0000000000000000      ,   0.0000000000000000      ,   0.0000000000000000      ,   0.0000000000000000      ,   0.0000000000000000     
  0.75375520026890996      ,   1.0842021724855044E-019 ,  -4.1855107154724139E-003 ,   2.0702764165667631E-003 ,   9.4435583591506039E-004 ,   1.1381397030960322E-003 ,  -6.7114659652896605E-005 ,   7.4840863201255163E-006 ,  -6.6893008023758664E-006 ,   1.3700527701947387E-005 ,   2.8387211547330895E-006 ,   4.1960790594906522E-006 ,  -5.3599151162865457E-004 ,   3.1548504675685779E-003 ,  -1.0717478875697422E-005 ,  -7.6058572258651258E-003 ,   3.8016267227634752E-006 ,   0.0000000000000000      ,   0.0000000000000000      ,   0.0000000000000000      ,   0.0000000000000000      ,   0.0000000000000000     
  0.76208560529575320      ,  -1.6263032587282567E-018 ,  -3.2854064332649437E-003 ,   1.7947671668797627E-003 ,   9.3333690929771015E-004 ,   1.0329752697524285E-003 ,  -5.9224226969970678E-005 ,   6.9612780735273298E-006 ,  -2.8428381166560472E-006 ,   1.0968497268670313E-005 ,   2.8220619815100300E-006 ,   3.5642584548033724E-006 ,  -4.7106729910212304E-004 ,   2.5037609503372762E-003 ,  -2.6397427756708295E-006 ,  -7.5929192695698543E-003 ,   2.9669623855323415E-006 ,   0.0000000000000000      ,   0.0000000000000000      ,   0.0000000000000000      ,   0.0000000000000000      ,   0.0000000000000000     
  0.76848647355138699      ,   1.1926223897340549E-018 ,  -6.2151309586117997E-004 ,   1.5012230908990620E-003 ,   9.3423539030842496E-004 ,   9.2828188201160740E-004 ,  -4.6745783548466941E-005 ,   5.3566539725327992E-006 ,   1.2443287324023336E-006 ,   8.4755309329331732E-006 ,   3.1869075139872732E-006 ,   3.0101103040120828E-006 ,  -3.8023948692839457E-004 ,   4.7762440730436331E-004 ,   2.6383518930085930E-006 ,  -7.5952811406459651E-003 ,   2.6608768564849214E-006 ,   0.0000000000000000      ,   0.0000000000000000      ,   0.0000000000000000      ,   0.0000000000000000      ,   0.0000000000000000     
  0.77409134294408688      ,  -1.7889335846010823E-018 ,   2.4547361834223042E-003 ,   1.1896950015424235E-003 ,   9.2206120569360663E-004 ,   8.0331738626564372E-004 ,  -2.4990213299196790E-005 ,   3.2978479803259433E-006 ,   8.8491906136664316E-006 ,   4.8216726338532926E-006 ,   3.3977753223895114E-006 ,   2.3789213923571983E-006 ,  -2.4199196725916878E-004 ,  -1.9001900287988138E-003 ,   1.3493329785575968E-006 ,  -7.5823853248231160E-003 ,   2.5071961923163347E-006 ,   0.0000000000000000      ,   0.0000000000000000      ,   0.0000000000000000      ,   0.0000000000000000      ,   0.0000000000000000     
  0.77618647940023022      ,  -8.4025668367626594E-019 ,   4.1367761528565000E-003 ,   1.0467029042485754E-003 ,   8.9504060786968855E-004 ,   6.8597896883790038E-004 ,  -1.9330301140848064E-005 ,   1.1869132585665872E-006 ,   7.5105188123332613E-006 ,   3.6331443296577602E-006 ,   3.2847453931259804E-006 ,   1.5574741403878775E-006 ,  -9.8109887445213214E-005 ,  -3.2109097181525154E-003 ,   1.0539012956114863E-005 ,  -7.5548762627069763E-003 ,   2.4212264687256452E-006 ,   0.0000000000000000      ,   0.0000000000000000      ,   0.0000000000000000      ,   0.0000000000000000      ,   0.0000000000000000     
  0.77342971324079346      ,  -9.3512437376874757E-019 ,   4.7888816427801113E-003 ,   1.1318280295032901E-003 ,   8.7141097509465409E-004 ,   6.8126714292698985E-004 ,  -2.7956251961439114E-005 ,  -3.3972905549997990E-006 ,   4.8740685642645389E-006 ,   4.8126051726851243E-006 ,   3.0489456480619331E-006 ,   1.6229892034521547E-006 ,   1.0906991696214542E-004 ,  -3.7038633557195215E-003 ,   5.1168344953829268E-006 ,  -7.5316097702596433E-003 ,   2.6391774006693697E-006 ,   0.0000000000000000      ,   0.0000000000000000      ,   0.0000000000000000      ,   0.0000000000000000      ,   0.0000000000000000     
  0.76715275462527499      ,   1.9176825925837360E-018 ,   3.4651075000553403E-003 ,   1.5200106516571887E-003 ,   8.3790250887938857E-004 ,   7.5016572105591280E-004 ,  -5.2417335812782011E-005 ,  -1.0525323028591979E-005 ,   4.1820191441005893E-006 ,   1.0056639181896878E-005 ,   2.9155613671721813E-006 ,   2.3467929927341816E-006 ,   3.3052308830750990E-004 ,  -2.6582667637401543E-003 ,  -1.8477612990378014E-005 ,  -7.4970605526125667E-003 ,   2.9421884939267795E-006 ,   0.0000000000000000      ,   0.0000000000000000      ,   0.0000000000000000      ,   0.0000000000000000      ,   0.0000000000000000     
  0.75881128266063758      ,  -1.5585406229479126E-019 ,   1.7358967818552741E-004 ,   1.8715313169053172E-003 ,   8.3398908188254560E-004 ,   9.1921545640520099E-004 ,  -6.6229496433925332E-005 ,  -1.6114938362225289E-005 ,   4.9309690023117690E-006 ,   1.3026232665650276E-005 ,   3.1062749389118574E-006 ,   3.4731937313521924E-006 ,   4.6077240446524919E-004 ,  -1.3172180636060736E-004 ,  -2.1769709031730681E-005 ,  -7.4946756812370695E-003 ,   3.4790163468520184E-006 ,   0.0000000000000000      ,   0.0000000000000000      ,   0.0000000000000000      ,   0.0000000000000000      ,   0.0000000000000000     
  0.74859066376440353      ,   1.0232158002831948E-018 ,  -2.7638674241234513E-003 ,   2.0228874809794517E-003 ,   9.1917161214050223E-004 ,   1.1140625106170917E-003 ,  -5.7193940726786054E-005 ,  -1.9556812535242418E-005 ,   1.0661100146784174E-005 ,   1.3106455821328361E-005 ,   3.7345504661900554E-006 ,   4.7633666915279213E-006 ,   5.3535552988962962E-004 ,   2.0690053495813865E-003 ,  -5.2283768739826193E-006 ,  -7.5781231564091677E-003 ,   4.4191498740700700E-006 ,   0.0000000000000000      ,   0.0000000000000000      ,   0.0000000000000000      ,   0.0000000000000000      ,   0.0000000000000000     
  0.73652034446065295      ,  -1.4365678785432934E-018 ,  -3.4465526891282062E-003 ,   2.2326496282234487E-003 ,   1.0264081879922797E-003 ,   1.2826339734680313E-003 ,  -5.9435271662982084E-005 ,  -1.9186471191685356E-005 ,   1.3126009642169685E-005 ,   1.4763238482091382E-005 ,   4.1756112621790448E-006 ,   6.3873182940121552E-006 ,   6.6546658411986270E-004 ,   2.5384561737984961E-003 ,  -1.4479650443750347E-005 ,  -7.6883574372907174E-003 ,   5.6813284812733591E-006 ,   0.0000000000000000      ,   0.0000000000000000      ,   0.0000000000000000      ,   0.0000000000000000      ,   0.0000000000000000     
  0.72399197962696704      ,   2.0057740190981832E-018 ,  -2.8074106672941615E-003 ,   2.5825656814820741E-003 ,   1.1040313884312009E-003 ,   1.4639090322685498E-003 ,  -9.0174706220322830E-005 ,  -1.9641151900997139E-005 ,   8.0724431659479491E-006 ,   2.1902251203407001E-005 ,   4.5276773329783758E-006 ,   8.4710023286801436E-006 ,   8.1436047642033090E-004 ,   2.0325428066401644E-003 ,  -3.1467488033109769E-005 ,  -7.7632280421634529E-003 ,   6.6151901546302589E-006 ,   0.0000000000000000      ,   0.0000000000000000      ,   0.0000000000000000      ,   0.0000000000000000      ,   0.0000000000000000     
  0.71145764643178444      ,   8.1315162936412833E-019 ,  -1.6800680068747888E-003 ,   2.8725069436610351E-003 ,   1.1819326530882407E-003 ,   1.6408630113255189E-003 ,  -1.1675571966000744E-004 ,  -2.3927635545540243E-005 ,   8.8472417129137583E-007 ,   3.0756980608401068E-005 ,   5.2180272277734966E-006 ,   9.7083577787208183E-006 ,   9.4066022770927544E-004 ,   1.1952972300164762E-003 ,  -2.4116434791211567E-005 ,  -7.8433408434157043E-003 ,   7.2787778965783363E-006 ,   0.0000000000000000      ,   0.0000000000000000      ,   0.0000000000000000      ,   0.0000000000000000      ,   0.0000000000000000     
  0.69877324040857702      ,   1.0842021724855044E-019 ,  -2.5219654990079254E-004 ,   3.2209458973214145E-003 ,   1.2606820426688324E-003 ,   1.8224412363690668E-003 ,  -1.2568949348128536E-004 ,  -2.6150342320140806E-005 ,  -2.2303238569173547E-007 ,   3.6708667598612935E-005 ,   5.9209073573534142E-006 ,   1.1264157515911089E-005 ,   1.0622728937788744E-003 ,   1.7622820039404021E-004 ,  -4.2596598940688214E-005 ,  -7.9210043068185243E-003 ,   7.9343077292590625E-006 ,   0.0000000000000000      ,   0.0000000000000000      ,   0.0000000000000000      ,   0.0000000000000000      ,   0.0000000000000000     
  0.68636947818972505      ,  -1.8431436932253575E-018 ,   3.8776186726489789E-004 ,   3.7748051698198726E-003 ,   1.3208762575030505E-003 ,   1.9719568548653469E-003 ,  -1.5320843991644805E-004 ,  -2.2932319532814653E-005 ,  -6.0823556625847698E-007 ,   4.6770259851470705E-005 ,   6.0101541808767315E-006 ,   1.3383757847955728E-005 ,   1.1731412150777082E-003 ,  -2.6614791049648138E-004 ,  -6.5189520591793959E-005 ,  -7.9821603113152638E-003 ,   8.4892480606791004E-006 ,   0.0000000000000000      ,   0.0000000000000000      ,   0.0000000000000000      ,   0.0000000000000000      ,   0.0000000000000000     
  0.67483741348874449      ,  -2.1684043449710089E-018 ,  -3.7070848575140283E-004 ,   4.3019677914662435E-003 ,   1.3682190744671373E-003 ,   2.0231167288355810E-003 ,  -1.8537336132297758E-004 ,  -1.8977698540474560E-005 ,   3.1639918873425020E-006 ,   5.8216542115816362E-005 ,   5.9795734269576100E-006 ,   1.4327973424244931E-005 ,   1.2496271372714944E-003 ,   2.5016795568280577E-004 ,  -6.9768338373168759E-005 ,  -8.0288215399647693E-003 ,   9.1949919562743981E-006 ,   0.0000000000000000      ,   0.0000000000000000      ,   0.0000000000000000      ,   0.0000000000000000      ,   0.0000000000000000     
  0.66473732516923456      ,  -1.5178830414797062E-018 ,  -1.8900165128525465E-003 ,   4.6979922472596969E-003 ,   1.3903506970142092E-003 ,   2.0232907364292414E-003 ,  -2.0078198077829248E-004 ,  -1.6250052582894119E-005 ,   9.2738668761367771E-006 ,   6.6843863980699833E-005 ,   5.9545816170214827E-006 ,   1.4117194127429298E-005 ,   1.2874638836505644E-003 ,   1.2563645212792861E-003 ,  -6.8224992993311576E-005 ,  -8.0521591985376149E-003 ,   9.8041293401874213E-006 ,   0.0000000000000000      ,   0.0000000000000000      ,   0.0000000000000000      ,   0.0000000000000000      ,   0.0000000000000000     
  0.65620034566025742      ,  -1.5178830414797062E-018 ,  -3.2436569921788284E-003 ,   5.0947652119236464E-003 ,   1.3787608935648208E-003 ,   2.0508092136316352E-003 ,  -2.2270146648323622E-004 ,  -1.3824460729508344E-005 ,   1.1498349677681288E-005 ,   7.8210995949682966E-005 ,   5.6648724786183714E-006 ,   1.3901197655641611E-005 ,   1.3084887773999806E-003 ,   2.1284888394710582E-003 ,  -7.3018885505648893E-005 ,  -8.0395689654391422E-003 ,   1.0035531731876623E-005 ,   0.0000000000000000      ,   0.0000000000000000      ,   0.0000000000000000      ,   0.0000000000000000      ,   0.0000000000000000     
  0.64881249350851444      ,  -2.3852447794681098E-018 ,  -4.0968410403147085E-003 ,   5.5315001759109195E-003 ,   1.3430054266793813E-003 ,   2.0982825320201687E-003 ,  -2.5138098936366982E-004 ,  -1.1691860935539760E-005 ,   6.2455423235627179E-006 ,   9.1388155194126620E-005 ,   5.2339935857935285E-006 ,   1.3984092316562220E-005 ,   1.3279185249281103E-003 ,   2.6580816508746026E-003 ,  -8.3840872530899783E-005 ,  -8.0048302294451600E-003 ,   1.0103547245024708E-005 ,   0.0000000000000000      ,   0.0000000000000000      ,   0.0000000000000000      ,   0.0000000000000000      ,   0.0000000000000000     
  0.64196916186347197      ,   2.1684043449710089E-018 ,  -4.4959204857258680E-003 ,   6.0169477525606196E-003 ,   1.2931287560438648E-003 ,   2.1273636141406881E-003 ,  -2.9483653296976352E-004 ,  -9.7967813094587579E-006 ,  -3.4078863739886819E-007 ,   1.0849583353440102E-004 ,   4.8287430953663309E-006 ,   1.4688431380054318E-005 ,   1.3471764517562694E-003 ,   2.8862423060262493E-003 ,  -9.4736427569210881E-005 ,  -7.9540814151491928E-003 ,   1.0154237119114896E-005 ,   0.0000000000000000      ,   0.0000000000000000      ,   0.0000000000000000      ,   0.0000000000000000      ,   0.0000000000000000     
  0.63507062731517883      ,  -5.4210108624275222E-019 ,  -4.5885142818110798E-003 ,   6.5004294303320220E-003 ,   1.2339393004370033E-003 ,   2.1273379034244923E-003 ,  -3.4531586182434855E-004 ,  -7.5604823341410890E-006 ,  -2.1291428777597463E-006 ,   1.2798548993650115E-004 ,   4.4615754470196335E-006 ,   1.5277748283618265E-005 ,   1.3602405654773594E-003 ,   2.9140306433944195E-003 ,  -1.0332931941434512E-004 ,  -7.8957758927265774E-003 ,   1.0280897061045688E-005 ,   0.0000000000000000      ,   0.0000000000000000      ,   0.0000000000000000      ,   0.0000000000000000      ,   0.0000000000000000     
  0.62755641752246172      ,  -1.0842021724855044E-019 ,  -4.5771929234291603E-003 ,   6.9497446610812252E-003 ,   1.1713188992953931E-003 ,   2.1022792435350891E-003 ,  -3.9004546556762644E-004 ,  -4.9495562813686484E-006 ,  -2.4573572237118405E-007 ,   1.4795062471264532E-004 ,   4.1278242026343252E-006 ,   1.4919781063531896E-005 ,   1.3689134300503582E-003 ,   2.8724467933363674E-003 ,  -1.0953654836245537E-004 ,  -7.8322949639348105E-003 ,   1.0459850552081311E-005 ,   0.0000000000000000      ,   0.0000000000000000      ,   0.0000000000000000      ,   0.0000000000000000      ,   0.0000000000000000     
  0.61898828248284798      ,  -2.3310346708438345E-018 ,  -4.5781127535684200E-003 ,   7.4207176449378465E-003 ,   1.1024201382803590E-003 ,   2.0672881891768127E-003 ,  -4.3071624871825892E-004 ,  -2.2605362170970130E-006 ,   2.7198169428509010E-006 ,   1.7059534700221857E-004 ,   3.8057101368886716E-006 ,   1.3878262859328854E-005 ,   1.3736367509505287E-003 ,   2.8337981503441380E-003 ,  -1.1227592575632688E-004 ,  -7.7643538557697726E-003 ,   1.0756943543592985E-005 ,   0.0000000000000000      ,   0.0000000000000000      ,   0.0000000000000000      ,   0.0000000000000000      ,   0.0000000000000000     
  0.60903540699855296      ,  -6.3967928176644762E-018 ,  -4.5605696102039156E-003 ,   7.9783230337243105E-003 ,   1.0266376010287419E-003 ,   2.0435625719886536E-003 ,  -4.7285542328717560E-004 ,   2.7528227495220946E-007 ,   5.9170157800225196E-006 ,   1.9681842377472915E-004 ,   3.4898087834665252E-006 ,   1.2867157332318256E-005 ,   1.3749393156897421E-003 ,   2.7775483686957739E-003 ,  -1.1130213653604732E-004 ,  -7.6875404804819603E-003 ,   1.0985934330944980E-005 ,   0.0000000000000000      ,   0.0000000000000000      ,   0.0000000000000000      ,   0.0000000000000000      ,   0.0000000000000000     
  0.59733812243305284      ,   3.1983964088322381E-018 ,  -4.4621969252904934E-003 ,   8.6354580931493619E-003 ,   9.4096384363302299E-004 ,   2.0427167353851881E-003 ,  -5.1891797605646203E-004 ,   2.3364453695973225E-006 ,   6.5014272866234495E-006 ,   2.2580069878328315E-004 ,   3.1380004643057838E-006 ,   1.2444837025996161E-005 ,   1.3680152064354096E-003 ,   2.6654403332795648E-003 ,  -1.0721495720190703E-004 ,  -7.6029684144612274E-003 ,   1.1199050074097056E-005 ,   0.0000000000000000      ,   0.0000000000000000      ,   0.0000000000000000      ,   0.0000000000000000      ,   0.0000000000000000     
  0.58344140055470262      ,  -1.8431436932253575E-018 ,  -4.2617210748753416E-003 ,   9.3745133510182987E-003 ,   8.4906822114928348E-004 ,   2.0586523584382862E-003 ,  -5.6397943018658692E-004 ,   3.7536764535829245E-006 ,   3.6126252287891471E-006 ,   2.5695672073060651E-004 ,   2.7519074475535694E-006 ,   1.2621133582292370E-005 ,   1.3535856154526401E-003 ,   2.4864645126987618E-003 ,  -1.0022434627655070E-004 ,  -7.5098517115149664E-003 ,   1.1185038714488872E-005 ,   0.0000000000000000      ,   0.0000000000000000      ,   0.0000000000000000      ,   0.0000000000000000      ,   0.0000000000000000     
  0.56683097312630759      ,  -1.8973538018496328E-019 ,  -3.9654019951264052E-003 ,   1.0169011230277636E-002 ,   7.4912059835096809E-004 ,   2.0763418336375416E-003 ,  -5.9332637554742815E-004 ,   4.3534968229940504E-006 ,  -7.6222501306292447E-007 ,   2.8965895667038282E-004 ,   2.3114395129689127E-006 ,   1.3026257622340934E-005 ,   1.3243642659610936E-003 ,   2.2477126717345020E-003 ,  -9.0577197196887939E-005 ,  -7.4112168509288048E-003 ,   1.1129143254936940E-005 ,   0.0000000000000000      ,   0.0000000000000000      ,   0.0000000000000000      ,   0.0000000000000000      ,   0.0000000000000000     
  0.54700164575088883      ,  -1.3823577699190182E-018 ,  -3.5958295838086985E-003 ,   1.0987166864262710E-002 ,   6.4709615795787811E-004 ,   2.0748644852721784E-003 ,  -5.8501069378315632E-004 ,   4.3208463210019507E-006 ,  -4.8541887377081519E-006 ,   3.2294662929521832E-004 ,   1.8662102955155881E-006 ,   1.3260409413366592E-005 ,   1.2824977429122780E-003 ,   1.9669247001830917E-003 ,  -7.9797344472914896E-005 ,  -7.3077082336313742E-003 ,   1.0825566778908548E-005 ,   0.0000000000000000      ,   0.0000000000000000      ,   0.0000000000000000      ,   0.0000000000000000      ,   0.0000000000000000     
  0.52335424744898695      ,   7.9959910220805952E-019 ,  -3.1930854011388513E-003 ,   1.1779894108005284E-002 ,   5.4026491869982145E-004 ,   2.0392504382461727E-003 ,  -5.1749415582775030E-004 ,   3.8004671156277142E-006 ,  -8.1957641138266306E-006 ,   3.5506195682880699E-004 ,   1.4095334763133096E-006 ,   1.3170989828079690E-005 ,   1.2163897072854830E-003 ,   1.6711148071533702E-003 ,  -6.8770652776666170E-005 ,  -7.2024413174175250E-003 ,   1.0537318169961939E-005 ,   0.0000000000000000      ,   0.0000000000000000      ,   0.0000000000000000      ,   0.0000000000000000      ,   0.0000000000000000     
  0.49505252959429025      ,  -9.0801931945660996E-019 ,  -2.8141724956959519E-003 ,   1.2479163701430207E-002 ,   4.3749223015528116E-004 ,   1.9669469636506435E-003 ,  -3.7600685686690200E-004 ,   3.1530545311896958E-006 ,  -1.0590448930271516E-005 ,   3.8288404946810507E-004 ,   1.0143816813958652E-006 ,   1.2811095488679226E-005 ,   1.1285639223624461E-003 ,   1.3931632127089579E-003 ,  -5.8759621860743507E-005 ,  -7.0978608722342545E-003 ,   1.0070374002183556E-005 ,   0.0000000000000000      ,   0.0000000000000000      ,   0.0000000000000000      ,   0.0000000000000000      ,   0.0000000000000000     
  0.46096813556969407      ,   6.6407383064737147E-019 ,  -2.4993599465123087E-003 ,   1.2961520338143018E-002 ,   3.3493314489496803E-004 ,   1.8579743910981010E-003 ,  -1.5482093593661289E-004 ,   2.3898148348276009E-006 ,  -1.2025897830220695E-005 ,   4.0156119612937146E-004 ,   6.6492331676627160E-007 ,   1.2152952226182836E-005 ,   1.0037975225147262E-003 ,   1.1521252946613493E-003 ,  -4.8359667206080819E-005 ,  -6.9971312555028725E-003 ,   9.6622796911919630E-006 ,   0.0000000000000000      ,   0.0000000000000000      ,   0.0000000000000000      ,   0.0000000000000000      ,   0.0000000000000000     
  0.41978225123404223      ,  -1.6483261153568685E-018 ,  -2.2295642342358424E-003 ,   1.3007228994967451E-002 ,   2.4370521316139187E-004 ,   1.7052114146086665E-003 ,   1.3095516328499521E-004 ,   1.7002623719097130E-006 ,  -1.2637369274324145E-005 ,   4.0473431316972997E-004 ,   4.0811675901040265E-007 ,   1.0986338597315401E-005 ,   8.4988670284114694E-004 ,   9.3593149351842533E-004 ,  -3.6806953585702886E-005 ,  -6.9038591184388542E-003 ,   9.2114181867750548E-006 ,   0.0000000000000000      ,   0.0000000000000000      ,   0.0000000000000000      ,   0.0000000000000000      ,   0.0000000000000000     
  0.37015772027925353      ,   1.4475793068575993E-018 ,  -1.9354173231316124E-003 ,   1.2266842775233433E-002 ,   1.5790805871231109E-004 ,   1.5007562710930220E-003 ,   4.2023858497968955E-004 ,   1.0118516533115642E-006 ,  -1.1514855656973857E-005 ,   3.8122460746349541E-004 ,   2.0400355438061457E-007 ,   9.1257477911177071E-006 ,   6.5406092664421832E-004 ,   7.1640966411937309E-004 ,  -2.3775311645018485E-005 ,  -6.8200109792381745E-003 ,   8.7464121369234597E-006 ,   0.0000000000000000      ,   0.0000000000000000      ,   0.0000000000000000      ,   0.0000000000000000      ,   0.0000000000000000     
  0.31111808780587358      ,  -1.1875401920505291E-018 ,  -1.5603960410333672E-003 ,   1.0410955082236689E-002 ,   9.1925771096423473E-005 ,   1.2454847882316805E-003 ,   5.9992825584526122E-004 ,   5.2124735087030000E-007 ,  -8.1207956260828951E-006 ,   3.1815105824157370E-004 ,   8.7328732833272931E-008 ,   6.8603603807025853E-006 ,   4.4673227077635433E-004 ,   4.8546743250615665E-004 ,  -1.1876983492064417E-005 ,  -6.7520486583858771E-003 ,   8.4547444537438465E-006 ,   0.0000000000000000      ,   0.0000000000000000      ,   0.0000000000000000      ,   0.0000000000000000      ,   0.0000000000000000     
  0.24255034676312132      ,   6.7000306127815157E-019 ,  -1.1222626238937697E-003 ,   7.4031249515372488E-003 ,   3.9223689572424702E-005 ,   9.3964369821583963E-004 ,   5.4665777477753627E-004 ,   1.6320603167073860E-007 ,  -5.0498285758434520E-006 ,   2.0638880752615559E-004 ,   2.0021730259472634E-008 ,   4.4417845081002198E-006 ,   2.3677555049908929E-004 ,   2.7220518858472425E-004 ,  -4.0525238203264568E-006 ,  -6.7009859888999814E-003 ,   7.9324216801484658E-006 ,   0.0000000000000000      ,   0.0000000000000000      ,   0.0000000000000000      ,   0.0000000000000000      ,   0.0000000000000000     
  0.16581313193789199      ,  -8.1484569525863693E-019 ,  -6.9821947072287748E-004 ,   3.8494463550538711E-003 ,   1.1791472947965824E-005 ,   5.8263275468000222E-004 ,   2.7560838024329615E-004 ,   2.8088756030263550E-008 ,  -3.6433535423238054E-006 ,   7.5030615401911252E-005 ,   2.2114281861200395E-009 ,   1.9268329084169298E-006 ,   8.5708244233107195E-005 ,   1.1577395722057760E-004 ,  -1.0466697154955187E-006 ,  -6.6722390323188246E-003 ,   7.8376334136181665E-006 ,   0.0000000000000000      ,   0.0000000000000000      ,   0.0000000000000000      ,   0.0000000000000000      ,   0.0000000000000000     
   8.3919520346031812E-002 ,   5.4665388833424408E-019 ,  -3.3191424746449203E-004 ,   1.0301015181089198E-003 ,   5.0612157580524683E-007 ,   2.0696704401597935E-004 ,   4.4528800720824557E-005 ,   2.5902925606402390E-010 ,  -1.0720626959950064E-006 ,   6.6163625724646383E-006 ,   4.5092822452029236E-012 ,   2.7763880205883987E-007 ,   8.5774636076795706E-006 ,   2.7854084443234277E-005 ,  -1.9744002433577954E-007 ,  -6.6617232042291211E-003 ,   7.5429603886975337E-006 ,   0.0000000000000000      ,   0.0000000000000000      ,   0.0000000000000000      ,   0.0000000000000000      ,   0.0000000000000000     
   1.3751877683694085E-023 ,   0.0000000000000000      ,   2.6465643698634120E-021 ,   1.9336563251948688E-013 ,   0.0000000000000000      ,   1.2277864494039419E-013 ,  -2.5831933371838053E-019 ,   0.0000000000000000      ,  -7.1812030322244844E-021 ,   2.9954773827849822E-024 ,   0.0000000000000000      ,   2.3771094710512586E-025 ,   0.0000000000000000      ,  -3.6395229496384555E-044 ,   0.0000000000000000      ,  -6.6602679095579490E-003 ,   7.7428003858632128E-006 ,   0.0000000000000000      ,   0.0000000000000000      ,   0.0000000000000000      ,   0.0000000000000000      ,   0.0000000000000000     
