   0.0000000000000000     
   1.1117408835973119E-002
   2.2281773150745199E-002
   3.3540786494635988E-002
   4.4943640997554102E-002
   5.6541833767128846E-002
   6.8390044717578480E-002
   8.0547114634627714E-002
   9.3077156886179235E-002
  0.10605084234820361     
  0.11954690509127719     
  0.13365392644637986     
  0.14847246748333354     
  0.16411763477601715     
  0.18072218127348627     
  0.19844026193804876     
  0.21745197955063533     
  0.23796886324642719     
  0.26024040792358893     
  0.28456174170057658     
  0.31128233485888224     
  0.34081533464557734     
  0.37364646506543364     
  0.41034024516862067     
  0.45153923878211710     
  0.49794882658720052     
  0.55029557908023863     
  0.60924289952175759     
  0.67524728681722745     
  0.74835102857084257     
  0.82794329986525228     
  0.91258045440866753     
  0.99999999999999956     
   1.0874195455913318     
   1.1720567001347466     
   1.2516489714291565     
   1.3247527131827717     
   1.3907571004782415     
   1.4497044209197605     
   1.5020511734127986     
   1.5484607612178820     
   1.5896597548313784     
   1.6263535349345655     
   1.6591846653544218     
   1.6887176651411169     
   1.7154382582994225     
   1.7397595920764102     
   1.7620311367535719     
   1.7825480204493638     
   1.8015597380619504     
   1.8192778187265128     
   1.8358823652239820     
   1.8515275325166656     
   1.8663460735536193     
   1.8804530949087219     
   1.8939491576517955     
   1.9069228431138199     
   1.9194528853653714     
   1.9316099552824206     
   1.9434581662328703     
   1.9550563590024450     
   1.9664592135053631     
   1.9777182268492539     
   1.9888825911640260     
   2.0000000000000000     
