 mean[u],mean[v],mean[w],var[u],var[v],var[w],skew[u],skew[v],skew[w],kurt[u],kurt[v],kurt[w],<u'v'>,<u'w'>,<v'w'>,mean[p],var[p],mean[phi],var[phi],<u'phi'>,<v'phi'>,<w'phi'>
   2.2499312661442353E-021 ,   0.0000000000000000      ,   2.2287554424628778E-019 ,   1.2223224167648298E-009 ,   0.0000000000000000      ,   7.5440234337735019E-010 ,   1.6830864958699660E-016 ,   0.0000000000000000      ,   7.2766230526863500E-016 ,   1.1461546597597648E-018 ,   0.0000000000000000      ,   2.7559546258094517E-019 ,   0.0000000000000000      ,  -4.3100834881745540E-040 ,   0.0000000000000000      , -0.27268043877164427      ,  -7.2101640865977507E-002 ,   0.0000000000000000      ,   0.0000000000000000      ,   0.0000000000000000      ,   0.0000000000000000      ,   0.0000000000000000     
   3.9971204991667895      ,  -6.0308745844506184E-017 ,   1.4760415507043163E-003 ,  -15.569309192438565      ,   1.4988082940965103E-004 ,   1.4221451477646380E-002 ,   122.88252666215635      ,  -3.9722459084546045E-008 ,  -8.0754667257878704E-005 ,  -727.46003516654923      ,   2.4367436150950861E-009 ,   2.4342678647074435E-005 ,  -7.6584160617930116E-004 ,  -1.8673754135971037E-003 ,   6.8435125591259709E-006 , -0.27309167022565267      ,  -7.2343408170771270E-002 ,   1.0121813903868254E-004 ,  -9.9724480528040029E-009 ,  -9.0805731077536991E-005 ,  -2.9698975443547246E-008 ,  -3.9190266453165996E-008
   7.7897984243359852      ,   9.2374025095764978E-017 ,   1.9199780550139293E-003 ,  -59.156031323981288      ,   2.6291321096212268E-003 ,   3.4198529573682135E-002 ,   910.08247029553854      ,  -2.2453006205771950E-006 ,  -2.5946024436800596E-004 ,  -10501.665207085276      ,   7.2768357061597712E-007 ,   1.2975887047736543E-004 ,  -7.8454790364454550E-003 ,   4.5659011145375936E-003 ,   2.0749284967812728E-005 , -0.27506035995536188      ,  -7.3377625483568368E-002 ,   1.9833460252816315E-004 ,  -3.8296028944295659E-008 ,  -3.4772580049875166E-004 ,  -2.5088010742744173E-007 ,  -1.0413743931308003E-007
   11.144167530333915      ,  -9.8228716827186702E-017 ,  -7.4992782465125793E-004 ,  -121.11595318665968      ,   5.9136851011491551E-003 ,   4.8823837394585186E-002 ,   2666.1235746855155      ,  -9.1685442621556781E-006 ,  -9.1315717987238933E-006 ,  -44020.234497484969      ,   3.5872778759010722E-006 ,   2.4043452497083182E-004 ,  -1.8194018020828803E-002 ,  0.10184980161515270      ,  -8.0207900913582772E-006 , -0.27830635618387067      ,  -7.5123381275119236E-002 ,   2.8458775798751899E-004 ,  -7.8888377869910992E-008 ,  -7.1647149317588792E-004 ,  -4.7928663549180800E-007 ,   1.3684042114536052E-008
   13.966405779467589      ,   1.1362438767648086E-016 ,  -6.7079253907207387E-003 ,  -190.30449338724506      ,   1.0397092292747753E-002 ,   5.9411928474731576E-002 ,   5251.0704579329022      ,  -2.8463237235656150E-005 ,   1.0119515079020259E-003 ,  -108676.89767524070      ,   1.0949839443466168E-005 ,   3.3738648322184352E-004 ,  -2.9479734814032873E-002 ,  0.37500399280031360      ,   3.4743301170501010E-006 , -0.28218748627089646      ,  -7.7246128760900562E-002 ,   3.5788478371828508E-004 ,  -1.2482404216090937E-007 ,  -1.1334094880625001E-003 ,  -7.3365834017316300E-007 ,   4.7803395734377230E-007
   16.324244630211474      ,  -1.2099696244938229E-016 ,  -1.3177537984519313E-002 ,  -260.07379797456360      ,   1.3746968482040694E-002 ,   6.8333518330609216E-002 ,   8389.1127874769845      ,  -5.7177889176637307E-005 ,   2.4552729010774745E-003 ,  -202966.33185795328      ,   1.9422709454671024E-005 ,   4.7038412800544491E-004 ,  -3.7752328993001641E-002 ,  0.74001602825103863      ,   3.8935367364980679E-005 , -0.28575239450708534      ,  -7.9228865229114806E-002 ,   4.1866303145232490E-004 ,  -1.7089803246706713E-007 ,  -1.5554804980637137E-003 ,  -9.2046987411112469E-007 ,   1.1478298087327425E-006
   18.306351312589427      ,   1.6826817716975029E-016 ,  -1.8319861532330502E-002 ,  -327.15628228632426      ,   1.7545233779434503E-002 ,   7.5963260604749644E-002 ,   11835.910849612905      ,  -9.6386717660174270E-005 ,   3.8973328468282966E-003 ,  -321170.10410697060      ,   3.2134131718918448E-005 ,   6.2371338057312740E-004 ,  -4.4986141969412294E-002 ,   1.0697630456275287      ,   3.6290319888300690E-005 , -0.28943625529599099      ,  -8.1303907958972979E-002 ,   4.6855852259826007E-004 ,  -2.1413280136949954E-007 ,  -1.9600703458500517E-003 ,  -1.1173134172496373E-006 ,   1.8217474573279091E-006
   19.983006087272059      ,  -1.5699247457590104E-016 ,  -2.1935764915903939E-002 ,  -389.91560517626357      ,   2.1052506439935902E-002 ,   8.2446691715951592E-002 ,   15400.078911695455      ,  -1.3114019786257108E-004 ,   5.1816464819982441E-003 ,  -456206.13940041733      ,   4.5642882890183523E-005 ,   7.6883594227628526E-004 ,  -5.0150769342436646E-002 ,   1.3242181759475136      ,  -4.2958572788459585E-005 , -0.29331081574182671      ,  -8.3506071235474585E-002 ,   5.0953348772749820E-004 ,  -2.5328806138223417E-007 ,  -2.3362530438205457E-003 ,  -1.2586944686032913E-006 ,   2.4119484997615622E-006
   21.410699331775838      ,   9.1072982488782372E-017 ,  -2.5058751104210714E-002 ,  -447.70256975126648      ,   2.5165637152370454E-002 ,   8.7961047294926570E-002 ,   18947.417918794199      ,  -1.6552861617687893E-004 ,   6.4498720543033974E-003 ,  -601444.33078506053      ,   6.2434851839713288E-005 ,   9.2019597823795858E-004 ,  -5.4588304219623934E-002 ,   1.5565996757329419      ,  -2.0137397306721467E-004 , -0.29744094244426217      ,  -8.5885052396214856E-002 ,   5.4350711921605731E-004 ,  -2.8825036625878901E-007 ,  -2.6791654004556216E-003 ,  -1.3764769856712680E-006 ,   2.9873527106078094E-006
   22.628908192606364      ,  -1.8388068845354155E-016 ,  -2.8690175065050890E-002 ,  -500.17475944594389      ,   2.9298289094198793E-002 ,   9.2562107790104306E-002 ,   22374.183491506901      ,  -1.8564797360141243E-004 ,   7.8369068451470333E-003 ,  -750683.44932451658      ,   7.9311495649998732E-005 ,   1.0914891033389790E-003 ,  -5.7516445756020940E-002 ,   1.8372454884903735      ,  -3.5498110286386167E-004 , -0.30183345791530247      ,  -8.8449092760874037E-002 ,   5.7217524323699399E-004 ,  -3.1951468347444690E-007 ,  -2.9882402520582498E-003 ,  -1.4440469128467725E-006 ,   3.6506293010127645E-006
   23.680332538565047      ,   2.0296264668928643E-016 ,  -3.2645340917385531E-002 ,  -547.80548264933384      ,   3.3699565356153351E-002 ,   9.6072973859127275E-002 ,   25645.028113645240      ,  -1.9771845744733551E-004 ,   9.2644373195239563E-003 ,  -900458.29394072201      ,   9.8854374005605185E-005 ,   1.2788561815701830E-003 ,  -5.9592029069056439E-002 ,   2.1745723228446279      ,  -4.7110205842250169E-004 , -0.30618136795352441      ,  -9.1028934171447556E-002 ,   5.9687317483530090E-004 ,  -3.4774215182394218E-007 ,  -3.2670482079648335E-003 ,  -1.4890190887674729E-006 ,   4.3721698545383855E-006
   24.601339711486627      ,  -1.2143064331837650E-016 ,  -3.6416283295266166E-002 ,  -591.31100849979623      ,   3.7820147739475327E-002 ,   9.8558963721325499E-002 ,   28759.861573303358      ,  -1.8614789143932270E-004 ,   1.0574335654142612E-002 ,  -1049157.5951047037      ,   1.1890908856230743E-004 ,   1.4656102432077790E-003 ,  -6.0509887304596791E-002 ,   2.5372732140134922      ,  -5.3738842517711864E-004 , -0.31046153545677635      ,  -9.3607661739399425E-002 ,   6.1853866643631853E-004 ,  -3.7348944064271052E-007 ,  -3.5206018749259094E-003 ,  -1.5076591792055620E-006 ,   5.0743251656848486E-006
   25.420942143516164      ,   1.4745149545802860E-016 ,  -3.8858087750231418E-002 ,  -631.42501656050285      ,   4.1820425275296190E-002 ,  0.10017952001172646      ,   31735.465821692069      ,  -1.4686553826551160E-004 ,   1.1455941009937288E-002 ,  -1196329.0759415792      ,   1.3972971241535769E-004 ,   1.6011106001977971E-003 ,  -6.1136646460955790E-002 ,   2.8505309241801307      ,  -5.5558094281103699E-004 , -0.31439687240401681      ,  -9.6017677738148330E-002 ,   6.3775454467104040E-004 ,  -3.9709674167125515E-007 ,  -3.7536820621626764E-003 ,  -1.5165370710572286E-006 ,   5.5796983337147754E-006
   26.154253311389926      ,  -1.0408340855860843E-016 ,  -3.8013849577266556E-002 ,  -668.43288853870433      ,   4.5337217852514378E-002 ,  0.10089894139651372      ,   34565.939326296095      ,  -7.7190185401874569E-005 ,   1.1310243870838311E-002 ,  -1340667.9919499531      ,   1.5761473420007428E-004 ,   1.5846654123254410E-003 ,  -6.1202659313346182E-002 ,   2.9753803269273109      ,  -5.2134621665950805E-004 , -0.31802960545064723      ,  -9.8276309315399407E-002 ,   6.5510808741064031E-004 ,  -4.1903981691823247E-007 ,  -3.9685904722330991E-003 ,  -1.5084377266446709E-006 ,   5.5761497145309012E-006
   26.815638716667568      ,   1.0928757898653885E-016 ,  -3.1724361416570326E-002 ,  -702.71489563601506      ,   4.8562273627768097E-002 ,  0.10050067854133299      ,   37258.890334433367      ,   7.4116393622717135E-006 ,   9.4163107090672656E-003 ,  -1481708.2124141734      ,   1.7420866921564993E-004 ,   1.3176885911046362E-003 ,  -6.1122795906448008E-002 ,   2.7179052597671887      ,  -5.1598568706152448E-004 , -0.32120605286346315      , -0.10028102136117829      ,   6.7106077184019355E-004 ,  -4.3973280603622039E-007 ,  -4.1680085093745720E-003 ,  -1.4960399867993039E-006 ,   4.7076525406334977E-006
   27.412565829142491      ,  -1.2663481374630692E-016 ,  -2.3039510890901966E-002 ,  -734.39225104466971      ,   5.1336237155042125E-002 ,   9.8920723212391634E-002 ,   39806.399642661359      ,   1.0025292757080992E-004 ,   6.6961526981773288E-003 ,  -1618301.5841420214      ,   1.8960046114113656E-004 ,   9.9777996710915477E-004 ,  -6.0747841422171177E-002 ,   2.2707665316602164      ,  -6.2138027171820278E-004 , -0.32406454627827641      , -0.10210577836171519      ,   6.8561982481278681E-004 ,  -4.5905306383743111E-007 ,  -4.3498129029490903E-003 ,  -1.4788888683382408E-006 ,   3.4004687054476643E-006
   27.958081519724303      ,  -6.9388939039072284E-018 ,  -1.5279870471630045E-002 ,  -763.95217375668187      ,   5.3692332161138348E-002 ,   9.7228116768803968E-002 ,   42233.752462216711      ,   1.8844545005340367E-004 ,   4.3636863386420149E-003 ,  -1751195.6998752691      ,   2.0433690704434765E-004 ,   7.9667103159904119E-004 ,  -6.0014842316093095E-002 ,   1.8524330818104278      ,  -7.5063416150284877E-004 , -0.32638844478302170      , -0.10360803080670165      ,   6.9898348855185633E-004 ,  -4.7715166034902950E-007 ,  -4.5142043733986375E-003 ,  -1.4472263630180286E-006 ,   2.1842808450865992E-006
   28.468023883610400      ,  -4.1633363423443370E-017 ,  -9.1455086330218503E-003 ,  -792.11198702510933      ,   5.5483735706061930E-002 ,   9.5726667643172406E-002 ,   44590.256596581719      ,   2.6563010325826277E-004 ,   2.5705185268091657E-003 ,  -1882671.9828885859      ,   2.1643070547112142E-004 ,   6.9152588622013213E-004 ,  -5.8689337933195633E-002 ,   1.4645723585854022      ,  -9.5456099508539019E-004 , -0.32823283376489787      , -0.10481632170384854      ,   7.1162649842991380E-004 ,  -4.9459531382795421E-007 ,  -4.6682796548977749E-003 ,  -1.4000044222930151E-006 ,   1.2154825872824568E-006
   28.958720076661717      ,   1.1188966420050406E-016 ,  -1.7537643264012980E-003 ,  -819.68825778349026      ,   5.6836664885317065E-002 ,   9.3575893623099302E-002 ,   46938.897034174151      ,   3.4139854201333897E-004 ,   4.2925414093382554E-004 ,  -2016035.4416300841      ,   2.2645404031127378E-004 ,   6.1615806150740822E-004 ,  -5.6953369228102783E-002 ,  0.86949029955834689      ,  -1.1109070029353752E-003 , -0.32956676331847201      , -0.10570551731597581      ,   7.2409034007366101E-004 ,  -5.1209604989538720E-007 ,  -4.8193115319378104E-003 ,  -1.3373251652500829E-006 ,   1.9372796239543907E-008
   29.431606756132730      ,  -5.6378512969246231E-018 ,   4.7007198569001818E-003 ,  -846.70721323150940      ,   5.7602461782934065E-002 ,   9.0351334936700695E-002 ,   49278.724489587650      ,   4.1432356898575155E-004 ,  -1.3213108189454948E-003 ,  -2151129.7870615385      ,   2.3294698919904252E-004 ,   5.8178983289344181E-004 ,  -5.5232414118325759E-002 ,  0.29192980578852146      ,  -1.3062115890288351E-003 , -0.33036009994797411      , -0.10624872974434281      ,   7.3601909657619851E-004 ,  -5.2912859522267481E-007 ,  -4.9663225062007372E-003 ,  -1.2854702383234851E-006 ,  -1.0639790045274986E-006
   29.884580126861565      ,   2.0532078641444240E-017 ,   1.2402450895197339E-002 ,  -872.99637729173037      ,   5.7793527165157753E-002 ,   8.6695164621504936E-002 ,   51591.485053055381      ,   4.9038546010265007E-004 ,  -3.1701986049934932E-003 ,  -2286780.2952670231      ,   2.3678631228319028E-004 ,   5.9896631706064839E-004 ,  -5.3473722622909219E-002 , -0.35300327591953828      ,  -1.4458996292981037E-003 , -0.33053479001735686      , -0.10638930503581034      ,   7.4732680564643106E-004 ,  -5.4553226791970642E-007 ,  -5.1059492337690582E-003 ,  -1.2243974160275305E-006 ,  -2.3661116309477796E-006
   30.332616195535756      ,  -3.4694469519536142E-017 ,   1.8626145361240777E-002 ,  -899.39182530716243      ,   5.7254287226630320E-002 ,   8.4206931585199318E-002 ,   53948.900184824364      ,   5.5967701566355537E-004 ,  -4.6277569154458270E-003 ,  -2427151.9415864195      ,   2.3577055196539719E-004 ,   6.5449356515587037E-004 ,  -5.1682795410139037E-002 , -0.89588424872880834      ,  -1.8006123114954161E-003 , -0.33000257493802443      , -0.10607044509159248      ,   7.5827181424981376E-004 ,  -5.6164702058815389E-007 ,  -5.2432113323378068E-003 ,  -1.1638350483004378E-006 ,  -3.4175037167123871E-006
   30.794155674306108      ,  -1.2143064331837650E-017 ,   2.3220180906065667E-002 ,  -926.99128746895246      ,   5.5963338851483038E-002 ,   8.2637295179345843E-002 ,   56451.113893425834      ,   6.0555825115367172E-004 ,  -5.6286244736439631E-003 ,  -2578398.1869677706      ,   2.2719827438486673E-004 ,   7.2402416061722729E-004 ,  -4.9704519576276349E-002 ,  -1.2707462608534008      ,  -1.9377955731511608E-003 , -0.32868158018719873      , -0.10524724935089551      ,   7.6887430954183803E-004 ,  -5.7748132307953575E-007 ,  -5.3819896015075003E-003 ,  -1.1024649350326167E-006 ,  -4.2584273506404434E-006
   31.270733303334261      ,   1.9081958235744878E-017 ,   2.9071589735838933E-002 ,  -955.92682947542880      ,   5.4012421171961679E-002 ,   8.0062758982911000E-002 ,   59114.751181458611      ,   6.0940680737123362E-004 ,  -6.8071814181782878E-003 ,  -2741874.6205552304      ,   2.1183735850001335E-004 ,   8.3734593002343443E-004 ,  -4.7542895526016558E-002 ,  -1.7586217188109197      ,  -1.7811252632797343E-003 , -0.32670116225835255      , -0.10400869041305839      ,   7.7927895398166125E-004 ,  -5.9323357776199976E-007 ,  -5.5307416596241301E-003 ,  -1.0240129760542513E-006 ,  -5.3853026887383734E-006
   31.758602687260996      ,  -6.9388939039072284E-018 ,   3.9755271993537525E-002 ,  -986.00928687955002      ,   5.1526528935558064E-002 ,   7.6107278866056435E-002 ,   61927.028620557590      ,   6.0219888038724192E-004 ,  -8.8851567001709004E-003 ,  -2917157.5649819151      ,   1.9619496344762624E-004 ,   1.1143747777731623E-003 ,  -4.5044952696609637E-002 ,  -2.6830872632385896      ,  -1.4392034850679593E-003 , -0.32419118608125341      , -0.10244196089012915      ,   7.8916366546826855E-004 ,  -6.0839801549329787E-007 ,  -5.6877469351217513E-003 ,  -9.3362854405036833E-007 ,  -7.3630321004161621E-006
   32.257568314040022      ,   1.0408340855860843E-017 ,   4.8909364347101608E-002 ,  -1017.2583826636488      ,   4.8778226173346158E-002 ,   7.0212515867389941E-002 ,   64894.141873096698      ,   6.2296590112944706E-004 ,  -1.0215865585835314E-002 ,  -3104988.6447263220      ,   1.8169747971053692E-004 ,   1.3658762690418956E-003 ,  -4.2027813436618919E-002 ,  -3.5679806168041752      ,  -1.3151082360735333E-003 , -0.32139230459047496      , -0.10070177734439544      ,   7.9836797648717836E-004 ,  -6.2269144961143178E-007 ,  -5.8480630122536084E-003 ,  -8.1475486294368530E-007 ,  -9.0730213884473650E-006
   32.769185582524358      ,  -1.2316536679435330E-016 ,   4.2618617156685482E-002 ,  -1049.8060427386458      ,   4.6116108397220246E-002 ,   6.5348428436418637E-002 ,   68033.376479845843      ,   6.4120770587809553E-004 ,  -8.3079959131949817E-003 ,  -3306855.2605732176      ,   1.6999482610235823E-004 ,   1.0478263630836423E-003 ,  -3.8130420798848645E-002 ,  -3.2245682961783846      ,  -1.2994665338062338E-003 , -0.31867258862526981      ,  -9.9023045668403767E-002 ,   8.0588489951106393E-004 ,  -6.3449644674414147E-007 ,  -5.9979900112027322E-003 ,  -6.9101059860228441E-007 ,  -7.9454604361146057E-006
   33.277042580518540      ,  -1.0408340855860843E-017 ,   1.2546403282931074E-002 ,  -1082.6197521685974      ,   4.3746231287443774E-002 ,   6.1330788016409205E-002 ,   71247.922103130491      ,   6.1024066947470111E-004 ,  -2.3647833387148713E-003 ,  -3516807.2942391522      ,   1.5986539001517971E-004 ,   3.6281708081402581E-004 ,  -3.3576448847837108E-002 ,  -1.0949572346206704      ,  -1.2394358508286219E-003 , -0.31625097069337521      ,  -9.7544797325427604E-002 ,   8.1325552954287855E-004 ,  -6.4617164557896460E-007 ,  -6.1431641885886009E-003 ,  -5.3954404706978788E-007 ,  -2.3266907272097309E-006
   33.786502571475893      ,   6.9388939039072284E-017 ,  -5.3221732949450665E-002 ,  -1116.0436819272713      ,   4.0957169682486722E-002 ,   5.2420991579083330E-002 ,   74572.712534902210      ,   5.4161720738293959E-004 ,   8.1460429951864775E-003 ,  -3737306.4708080720      ,   1.4192850720299777E-004 ,   1.0840507473576719E-003 ,  -2.7922838230948828E-002 ,   3.8741981578058393      ,  -1.6290368638800226E-003 , -0.31346306276670244      ,  -9.5860171439615532E-002 ,   8.1908771604380056E-004 ,  -6.5549575938248819E-007 ,  -6.2867285213671249E-003 ,  -3.8274823299983309E-007 ,   1.0054236927946980E-005
   34.270718377275202      ,  -6.0715321659188248E-018 , -0.10153325704038088      ,  -1148.2835119839717      ,   3.7722853224528931E-002 ,   3.8313986421719966E-002 ,   77827.255651156913      ,   4.8730470147104193E-004 ,   1.2332792313704721E-002 ,  -3956345.8160259305      ,   1.2211327560194648E-004 ,   2.7336578601182175E-003 ,  -2.1372912985328098E-002 ,   7.5426043091640516      ,  -1.1496594039400595E-003 , -0.31022523938506419      ,  -9.3925213538839883E-002 ,   8.2342466469065723E-004 ,  -6.6247849629887191E-007 ,  -6.4295619112377340E-003 ,  -2.2249196928820629E-007 ,   1.9312059609600517E-005
   34.691238862084077      ,  -6.2883726004159257E-018 , -0.11534793725808898      ,  -1176.6578573185452      ,   3.4613436428133845E-002 ,   2.9263872502667588E-002 ,   80729.673546613631      ,   3.8837843509595469E-004 ,   1.1514803103765106E-002 ,  -4154282.7446904182      ,   1.0239825038148485E-004 ,   2.9563788948046049E-003 ,  -1.4376364781965047E-002 ,   8.8530610607989253      ,  -5.7703912715837032E-004 , -0.30714991358735133      ,  -9.2112093797544925E-002 ,   8.2474759753603099E-004 ,  -6.6463288370123255E-007 ,  -6.5404178783885648E-003 ,  -3.9089384963859977E-008 ,   2.1980467216066467E-005
   34.965939841502980      ,   2.0296264668928643E-016 , -0.10400225767204058      ,  -1195.3780769278771      ,   3.2631176604207453E-002 ,   2.6660027133478915E-002 ,   82663.874910754763      ,   2.3952323492091316E-004 ,   9.3692610764976366E-003 ,  -4287518.8773475997      ,   9.0714447290437069E-005 ,   2.1596647870934307E-003 ,  -8.2132882275175439E-003 ,   8.2753871324805672      ,  -2.8649068013424968E-004 , -0.30523950907929598      ,  -9.0998461727251650E-002 ,   8.2109485541884456E-004 ,  -6.5878009562693371E-007 ,  -6.5673073349811293E-003 ,   1.2762060074773401E-007 ,   1.9657617987775948E-005
   35.072614442127659      ,  -4.8572257327350599E-017 ,  -8.2593038382124853E-002 ,  -1202.6872682494422      ,   3.1964397536934364E-002 ,   2.8132914800792334E-002 ,   83423.205712019902      ,   8.1660827311842487E-005 ,   7.4594552686141451E-003 ,  -4340110.9566352889      ,   8.7772961846139871E-005 ,   1.3535771147169377E-003 ,  -1.3744049489028912E-003 ,   6.6782701430936200      ,  -4.7777894180222550E-004 , -0.30454890424007813      ,  -9.0596060323534650E-002 ,   8.1269221282972591E-004 ,  -6.4538181091933714E-007 ,  -6.5309714755339117E-003 ,   3.6631566045494298E-007 ,   1.5412822070864565E-005
   34.985377368449946      ,   1.4571677198205180E-016 ,  -5.6563262821327530E-002 ,  -1196.7092841560941      ,   3.2515558144089372E-002 ,   3.2240195266252318E-002 ,   82801.996727777412      ,  -1.0879734009618145E-004 ,   5.5660216648535585E-003 ,  -4297073.3392423503      ,   8.8836819657314082E-005 ,   7.1633719738528005E-004 ,   5.5002094971417729E-003 ,   4.5259020061286321      ,  -3.8652503148704499E-004 , -0.30515779407624416      ,  -9.0949818639933566E-002 ,   7.9944545482437865E-004 ,  -6.2453292244663127E-007 ,  -6.3854192450555711E-003 ,   5.3395307587391070E-007 ,   1.0340874534448738E-005
   34.693927316682789      ,  -6.2450045135165055E-017 ,  -3.9605305442361058E-002 ,  -1176.8441426992015      ,   3.4372133224678927E-002 ,   3.7265634560162256E-002 ,   80748.841838057080      ,  -3.2111026105023855E-004 ,   4.4023690222522709E-003 ,  -4155597.7145133726      ,   9.8537194142879231E-005 ,   4.5076124429435329E-004 ,   1.2174129998876874E-002 ,   3.0323548060387302      ,  -7.2785358982883962E-004 , -0.30690664203204565      ,  -9.1969746571693281E-002 ,   7.8625112739552671E-004 ,  -6.0410103836039952E-007 ,  -6.2306933187543569E-003 ,   7.1053935507536597E-007 ,   7.1046449603975788E-006
   34.268411472851611      ,  -2.4286128663675299E-017 ,  -4.6009403262780711E-002 ,  -1148.1343028500660      ,   3.6450745284768070E-002 ,   4.4359681256329324E-002 ,   77812.081478313776      ,  -4.5091105811995868E-004 ,   6.0888328405702677E-003 ,  -3955316.9917130303      ,   1.0966079072801435E-004 ,   7.1979204876105175E-004 ,   1.9235203640337390E-002 ,   3.6090516479433061      ,  -6.8975107367697918E-004 , -0.30899906365719210      ,  -9.3199601383580286E-002 ,   7.7173058260225505E-004 ,  -5.8200165026594701E-007 ,  -6.0252009699737112E-003 ,   8.1282613296279387E-007 ,   8.0669084299174991E-006
   33.786718971759882      ,   8.3266726846886741E-017 ,  -6.6247582577377728E-002 ,  -1116.0658314252389      ,   4.0139904651666988E-002 ,   4.9393710752616365E-002 ,   74574.924806668336      ,  -5.3336096333267912E-004 ,   9.9211931708046066E-003 ,  -3737453.7847756678      ,   1.2911622551702181E-004 ,   1.5482715172300643E-003 ,   2.4677263206122041E-002 ,   5.3566372870327470      ,  -6.0698294558945672E-004 , -0.31262359349802610      ,  -9.5365974468668319E-002 ,   7.5747639894208183E-004 ,  -5.6070253955730732E-007 ,  -5.8308104182061829E-003 ,   8.8979163889775528E-007 ,   1.1405259571792319E-005
   33.243058039834025      ,  -7.8062556418956319E-017 ,  -7.6317488884042536E-002 ,  -1080.4168768411439      ,   4.4188110536784377E-002 ,   5.5612539593810018E-002 ,   71030.566374643473      ,  -6.0693548616759345E-004 ,   1.2797215799648386E-002 ,  -3502509.1464517331      ,   1.5144915941044861E-004 ,   2.2369829967489197E-003 ,   3.0697537674540833E-002 ,   6.1593084061012622      ,  -5.8757396357286492E-004 , -0.31673438951271937      ,  -9.7851294300337038E-002 ,   7.4177319382215097E-004 ,  -5.3769174261532704E-007 ,  -5.6219305974282898E-003 ,   1.0314172184327466E-006 ,   1.2864568417959788E-005
   32.700609276661140      ,   5.2909066017292616E-017 ,  -5.2320481582674556E-002 ,  -1045.4236763401177      ,   4.8177107827080116E-002 ,   6.3997098342943759E-002 ,   67607.811195421076      ,  -7.3121528196126099E-004 ,   9.8222298235955477E-003 ,  -3279303.3651420688      ,   1.7999480580734067E-004 ,   1.3437926891073527E-003 ,   3.6076440199666091E-002 ,   4.1249974802557761      ,  -1.6207645929415288E-004 , -0.32069962665485630      , -0.10027955742981742      ,   7.2730177768389869E-004 ,  -5.1690707424744237E-007 ,  -5.4385761605812780E-003 ,   1.1259522604757756E-006 ,   8.6352254215484586E-006
   32.181301772737676      ,  -2.3418766925686896E-017 ,  -2.1118116133159618E-002 ,  -1012.4626807479917      ,   5.1660167093776743E-002 ,   7.0381401838833790E-002 ,   64435.775232504988      ,  -8.1436057770772495E-004 ,   4.2494491674717515E-003 ,  -3075780.6497084629      ,   2.0592414543404213E-004 ,   5.5022370213900944E-004 ,   4.1869297131334290E-002 ,   1.7415735175282390      ,   4.3993880575615268E-004 , -0.32430621405065529      , -0.10251698017234882      ,   7.1355249066989588E-004 ,  -4.9753612642823082E-007 ,  -5.2682197070410561E-003 ,   1.2098769089199033E-006 ,   3.3424661091421448E-006
   31.686616822659733      ,  -1.1362438767648086E-016 ,  -7.4822920280518557E-003 ,  -981.55466964535674      ,   5.4942678394613996E-002 ,   7.4860570492359807E-002 ,   61507.830148633308      ,  -8.8090705279667665E-004 ,   1.6347427147349247E-003 ,  -2890857.4904734064      ,   2.3243188330289896E-004 ,   4.3945191053319403E-004 ,   4.6205065585267505E-002 ,  0.76763144202415745      ,   8.3286258891143142E-004 , -0.32754397440553656      , -0.10455084121231398      ,   7.0087462101459878E-004 ,  -4.7999783422371192E-007 ,  -5.0988103243918871E-003 ,   1.2670073738033505E-006 ,   1.0918936954153167E-006
   31.202816172397807      ,  -9.1072982488782372E-017 ,  -6.1489971497499301E-003 ,  -951.78745414091259      ,   5.7466966511200201E-002 ,   8.0832750573160209E-002 ,   58731.189255637968      ,  -8.8762251443412195E-004 ,   1.5021697814740873E-003 ,  -2718179.2087935302      ,   2.5023843095908749E-004 ,   4.9593529661706107E-004 ,   4.9955126170328594E-002 ,  0.70106388389513086      ,   1.1125229523256648E-003 , -0.33020378455169197      , -0.10623330930898954      ,   6.8833553731049372E-004 ,  -4.6295810102856021E-007 ,  -4.9349825387501453E-003 ,   1.3286265769056581E-006 ,   8.8672983057389967E-007
   30.734061802637161      ,  -1.7780915628762273E-016 ,  -5.5114175316635979E-005 ,  -923.38256479819870      ,   5.9082137079945030E-002 ,   8.6981453121113092E-002 ,   56121.789188699346      ,  -8.3696901774506075E-004 ,   6.5227225356285896E-005 ,  -2558361.6201547477      ,   2.5795569221999414E-004 ,   5.4081267190550931E-004 ,   5.2616467406379694E-002 ,   7.6977398905861361E-002 ,   1.2705476235461131E-003 , -0.33175752013582316      , -0.10721268921996081      ,   6.7656321232162483E-004 ,  -4.4724295195564685E-007 ,  -4.7730654441842631E-003 ,   1.3631768381446272E-006 ,  -3.8707873999086605E-008
   30.275654591394911      ,   4.8572257327350599E-017 ,   9.1835956897292209E-003 ,  -896.02079423110706      ,   5.9860897292444627E-002 ,   9.2536592584647817E-002 ,   53645.872151433294      ,  -7.5894116005325511E-004 ,  -2.4765121913165851E-003 ,  -2408991.2999060447      ,   2.6108188627022125E-004 ,   6.4192565648254303E-004 ,   5.4505923768775930E-002 , -0.77864076647325509      ,   1.1826877649470126E-003 , -0.33263949083926270      , -0.10775892685867269      ,   6.6489148736573645E-004 ,  -4.3193221211070340E-007 ,  -4.6132151687525809E-003 ,   1.3918936101744700E-006 ,  -1.4313458710405087E-006
   29.825095484007488      ,  -5.0306980803327406E-017 ,   1.8805580266562108E-002 ,  -869.52858362159827      ,   5.9808402656751788E-002 ,   9.7169886981407522E-002 ,   51284.384463667840      ,  -6.6734478729606412E-004 ,  -5.3647079140538992E-003 ,  -2268648.6788952742      ,   2.5863252498269459E-004 ,   8.5333767028054983E-004 ,   5.5524067624244562E-002 ,  -1.6216696709856748      ,   1.0080293290806088E-003 , -0.33251302530952098      , -0.10765004502589516      ,   6.5364587560689613E-004 ,  -4.1743133390294609E-007 ,  -4.4619151398502905E-003 ,   1.4020405288483204E-006 ,  -2.8379721289849446E-006
   29.365047757989107      ,  -3.8163916471489756E-017 ,   2.6659935147906742E-002 ,  -842.88603005035100      ,   5.9058873410453801E-002 ,  0.10072250804090900      ,   48945.508196160321      ,  -5.8007589147079778E-004 ,  -7.9188366507405746E-003 ,  -2131757.3946555969      ,   2.5160523574599219E-004 ,   1.1264630826944898E-003 ,   5.6580452860149753E-002 ,  -2.2875380164855659      ,   9.1628496684248233E-004 , -0.33184079272886380      , -0.10718665069388543      ,   6.4224180035733606E-004 ,  -4.0297679996994072E-007 ,  -4.3059970309890878E-003 ,   1.4100228251015558E-006 ,  -3.9064097065786936E-006
   28.896284412190894      ,  -8.8470897274817162E-017 ,   3.2499396750537653E-002 ,  -816.16156806340177      ,   5.7852533568609942E-002 ,  0.10313866986271357      ,   46636.291925833721      ,  -4.7090928849237733E-004 ,  -9.7891614669310349E-003 ,  -1998724.7640637141      ,   2.4053819734090384E-004 ,   1.3789559507458599E-003 ,   5.7696625185261322E-002 ,  -2.8002820789166250      ,   1.0023879059499453E-003 , -0.33056241632008787      , -0.10633252184901879      ,   6.3094703250855116E-004 ,  -3.8891210783743747E-007 ,  -4.1508812291319247E-003 ,   1.4115008600360776E-006 ,  -4.6305008226720137E-006
   28.412144043987531      ,   1.0928757898653885E-016 ,   3.8687767676026795E-002 ,  -789.01131031762111      ,   5.6234766527313108E-002 ,  0.10401729674180828      ,   44328.691266987997      ,  -3.5200459001233066E-004 ,  -1.1633269160338695E-002 ,  -1867961.3007289972      ,   2.2723547198059071E-004 ,   1.6493221410488891E-003 ,   5.8864301442012372E-002 ,  -3.3035591584130009      ,   1.1032825416670974E-003 , -0.32899978607810104      , -0.10529606307809383      ,   6.1937473448567129E-004 ,  -3.7475971219401683E-007 ,  -3.9963720752085666E-003 ,   1.4179993104450947E-006 ,  -5.3690288300832341E-006
   27.899816805647994      ,  -4.6837533851373792E-017 ,   4.2859207658542592E-002 ,  -760.77938777376676      ,   5.4360598255489917E-002 ,  0.10404479797834210      ,   41970.918477180443      ,  -2.2860747373184919E-004 ,  -1.2863387959300171E-002 ,  -1736679.5512749944      ,   2.1296118689146943E-004 ,   1.8557152789446503E-003 ,   6.0000612449367205E-002 ,  -3.5945360973771283      ,   1.1024720781165509E-003 , -0.32704157474802936      , -0.10400998965625137      ,   6.0754878153141453E-004 ,  -3.6056804510239740E-007 ,  -3.8413023481319516E-003 ,   1.4160870465017242E-006 ,  -5.8053583202048582E-006
   27.344602425178188      ,   5.7245874707234634E-017 ,   4.3134155766941719E-002 ,  -730.76419767766185      ,   5.2066185728280832E-002 ,  0.10427605252379811      ,   39511.780818593805      ,  -1.1620888397642465E-004 ,  -1.3093904662161272E-002 ,  -1602350.9944685707      ,   1.9728760980879082E-004 ,   1.9023106021391607E-003 ,   6.0838102521264814E-002 ,  -3.5067990721182776      ,   9.8067169637087027E-004 , -0.32480012795014013      , -0.10255269627730890      ,   5.9483207360546309E-004 ,  -3.4561184246237305E-007 ,  -3.6803402149577099E-003 ,   1.4156941287316537E-006 ,  -5.6989690823452865E-006
   26.741173901425405      ,  -1.1622647289044608E-016 ,   3.9263751347052123E-002 ,  -698.82675858035918      ,   4.9435009657310007E-002 ,  0.10492534373164991      ,   36950.081452139231      ,  -1.8840588082669793E-005 ,  -1.2193865868528022E-002 ,  -1465356.3304079049      ,   1.8106935020386272E-004 ,   1.7535355570686775E-003 ,   6.1434995331307918E-002 ,  -3.0818319806521401      ,   8.1409329806832100E-004 , -0.32206945483644728      , -0.10080232727344407      ,   5.8120678600074725E-004 ,  -3.2993834705430682E-007 ,  -3.5149290787382910E-003 ,   1.4155735131063626E-006 ,  -5.0423152380485176E-006
   26.081685726775863      ,   7.1991024253037494E-017 ,   3.2555196787021637E-002 ,  -664.73846777657070      ,   4.6316463578962117E-002 ,  0.10558667224817841      ,   34279.761182521775      ,   5.8743846661359081E-005 ,  -1.0344843644048389E-002 ,  -1325888.5987143912      ,   1.6331654415320060E-004 ,   1.4858106063168740E-003 ,   6.1598162455522007E-002 ,  -2.4677608358170486      ,   7.0462506137400956E-004 , -0.31901016120768860      ,  -9.8865475118960322E-002 ,   5.6654676086231035E-004 ,  -3.1348089080217024E-007 ,  -3.3427176783115396E-003 ,   1.4089305601093245E-006 ,  -4.0340366198246982E-006
   25.355747099525651      ,  -5.7245874707234634E-017 ,   2.4422892264230802E-002 ,  -628.20135559524761      ,   4.2927176939705547E-002 ,  0.10522022456910268      ,   31492.736933057953      ,   1.1414566014422001E-004 ,  -7.8156094328570447E-003 ,  -1184144.1217883641      ,   1.4604009665038429E-004 ,   1.1789928427785473E-003 ,   6.1503313863644167E-002 ,  -1.7949573017864684      ,   6.0204169577690364E-004 , -0.31549697158938222      ,  -9.6671835378944734E-002 ,   5.5060468256557654E-004 ,  -2.9606309042703611E-007 ,  -3.1606468845052551E-003 ,   1.3945865624205649E-006 ,  -2.8914629511730371E-006
   24.547193338674987      ,   1.0755285551056204E-016 ,   1.5399441622695711E-002 ,  -588.72219891817042      ,   3.8981264735099906E-002 ,  0.10368210842533086      ,   28571.191452783311      ,   1.4628489586667275E-004 ,  -4.8810070235351440E-003 ,  -1039990.3930754499      ,   1.2673992368848814E-004 ,   9.1711790091122307E-004 ,   6.0719972066891857E-002 ,  -1.1203146991664346      ,   5.0651227800486412E-004 , -0.31162679661172482      ,  -9.4289394547676139E-002 ,   5.3317888439498046E-004 ,  -2.7759453555878231E-007 ,  -2.9663418456851174E-003 ,   1.3687756758038240E-006 ,  -1.7110668944383268E-006
   23.638411639746700      ,  -1.5872719805187785E-016 ,   7.0969292483744791E-003 ,  -545.87868553497310      ,   3.4774285360400073E-002 ,  0.10129258241856699      ,   25509.838304468314      ,   1.6980248070493288E-004 ,  -2.1976227409059553E-003 ,  -894134.42300986871      ,   1.0651077678780152E-004 ,   7.6913924518607799E-004 ,   5.9496961072357739E-002 , -0.54535042389575505      ,   3.9850876079529737E-004 , -0.30725843254076446      ,  -9.1645421616799672E-002 ,   5.1387814247551853E-004 ,  -2.5783284112874611E-007 ,  -2.7576059113543412E-003 ,   1.3349859566015177E-006 ,  -7.0240452661458069E-007
   22.598663381534031      ,   8.7169854667834556E-017 ,  -1.0543321578912399E-003 ,  -498.84831068240800      ,   3.0142753483792896E-002 ,   9.8007620832326420E-002 ,   22285.233716859831      ,   1.7146831847455104E-004 ,   3.1110822027014575E-004 ,  -746706.67565238080      ,   8.4639397960559797E-005 ,   7.0502880088243471E-004 ,   5.7176823084148301E-002 ,  -3.7502337800010735E-002 ,   2.5369866524562119E-004 , -0.30269106417997177      ,  -8.8925658381118572E-002 ,   4.9204988319055199E-004 ,  -2.3636248594605570E-007 ,  -2.5291813535712540E-003 ,   1.2773532162628391E-006 ,   2.0363844538184482E-007
   21.393814200214898      ,  -1.0473392986209973E-016 ,  -1.0119335051407156E-002 ,  -447.00345484231860      ,   2.5713813884425209E-002 ,   9.3406940297123681E-002 ,   18903.051115856812      ,   1.5812563285346471E-004 ,   2.8676572790476184E-003 ,  -599567.17573229538      ,   6.5170421873786394E-005 ,   7.1859295691541170E-004 ,   5.4240662853762417E-002 ,  0.44702409408704569      ,   8.6082054602001950E-005 , -0.29800460476736113      ,  -8.6184002542304350E-002 ,   4.6690776394147802E-004 ,  -2.1279054655095643E-007 ,  -2.2759407649301290E-003 ,   1.2071384965779852E-006 ,   1.1247817235479627E-006
   19.979016376730858      ,   1.3660947373317356E-016 ,  -1.8749552714016751E-002 ,  -389.76343914644457      ,   2.1314300507645861E-002 ,   8.7010189150059661E-002 ,   15391.064310250687      ,   1.2565043547179159E-004 ,   4.9342340628456957E-003 ,  -455850.09077418258      ,   4.6807113285648800E-005 ,   7.7956135506031081E-004 ,   4.9789563066078658E-002 ,  0.81649507780040098      ,  -2.7990446332318996E-005 , -0.29359963600445199      ,  -8.3644889781803178E-002 ,   4.3736020663235156E-004 ,  -1.8667294140705271E-007 ,  -1.9938096702971546E-003 ,   1.0998388095132985E-006 ,   1.9020614952812113E-006
   18.307143792301424      ,  -1.8941011953321762E-016 ,  -2.4421586760450986E-002 ,  -327.18620795922698      ,   1.7561210947304600E-002 ,   7.8954465942899010E-002 ,   11837.535344214510      ,   9.3145689855167311E-005 ,   5.8621319978367052E-003 ,  -321228.89678087307      ,   3.2648198940618519E-005 ,   7.9865130390258273E-004 ,   4.4468667224210813E-002 ,  0.96096287505375722      ,  -5.4072659910203956E-005 , -0.28948143957689110      ,  -8.1305808428747822E-002 ,   4.0186703189403747E-004 ,  -1.5756260981878636E-007 ,  -1.6801083785384467E-003 ,   9.7425047476325975E-007 ,   2.2715502316595659E-006
   16.319112348166144      ,   1.4089207231449130E-016 ,  -2.6489012147678098E-002 ,  -259.91168908976630      ,   1.3567001487039461E-002 ,   6.9895300702623245E-002 ,   8381.2706786505660      ,   5.7474189029293356E-005 ,   5.6817887606131342E-003 ,  -202713.40484312718      ,   1.9310570999236795E-005 ,   7.2936958619208457E-004 ,   3.7050777221910157E-002 ,  0.90595931314881284      ,  -3.2321477821285229E-005 , -0.28559129396166283      ,  -7.9119010232081649E-002 ,   3.5871460220792138E-004 ,  -1.2549763597481160E-007 ,  -1.3361529040367686E-003 ,   7.9889959152951924E-007 ,   2.2045567637401543E-006
   13.947549875037414      ,  -1.1465437974034209E-016 ,  -2.5145239256528847E-002 ,  -189.79295671158212      ,   1.0119504981315686E-002 ,   5.9975621449509214E-002 ,   5229.9122030151393      ,   3.1211252512517633E-005 ,   4.6705081208213203E-003 ,  -108093.42443244517      ,   1.0465171959072128E-005 ,   5.7448249652963367E-004 ,   2.8654190380520382E-002 ,  0.72271365567515611      ,   9.0293685299153055E-006 , -0.28191940929652759      ,  -7.7081178883891474E-002 ,   3.0618495108842208E-004 ,  -9.1391806828483627E-008 ,  -9.7273698402092006E-004 ,   6.2827915805072423E-007 ,   1.7941849242742215E-006
   11.114309936061591      ,   9.4786374929545225E-017 ,  -2.0574483261031725E-002 ,  -120.46879754402445      ,   5.7210637483509942E-003 ,   4.8731493748070641E-002 ,   2644.7837834163747      ,   1.0920829601295635E-005 ,   3.1265957090786463E-003 ,  -43551.083416135982      ,   3.3044594142210077E-006 ,   3.6579623270394871E-004 ,   1.7622931899860351E-002 ,  0.47265374453200543      ,   3.1003831326244227E-005 , -0.27808745491800785      ,  -7.4988463235324973E-002 ,   2.4305417640505168E-004 ,  -5.7557910565711153E-008 ,  -6.1357635054893418E-004 ,   4.0723335414414237E-007 ,   1.1753025834558187E-006
   7.7624182405606463      ,  -9.1235612814655198E-017 ,  -1.4114917718998083E-002 ,  -58.739515170537381      ,   2.5352075305479700E-003 ,   3.4019382734292079E-002 ,   900.48882691460813      ,   2.8859962333840072E-006 ,   1.5019764300641164E-003 ,  -10354.338821506488      ,   6.6846682080268861E-007 ,   1.6503520436315515E-004 ,   7.6477166616761320E-003 ,  0.23597621279024333      ,   1.4209611732119007E-005 , -0.27493719726185101      ,  -7.3296108596739767E-002 ,   1.6920325946401563E-004 ,  -2.7877548912683498E-008 ,  -2.9746724362514739E-004 ,   2.1578943687908340E-007 ,   5.6846972107660873E-007
   3.9825027745866333      ,   6.2219652173511886E-017 ,  -7.1881326749661236E-003 ,  -15.454636248375976      ,   1.4686364675488934E-004 ,   1.4164822435680423E-002 ,   121.52783037000742      ,   5.6142473119303124E-008 ,   3.2227626333665297E-004 ,  -716.78980989438423      ,   2.3900153142420940E-009 ,   2.8229343120608874E-005 ,   7.5694459115073335E-004 ,   6.5487317678258578E-002 ,   8.4921563529828299E-007 , -0.27304215428292522      ,  -7.2301767442959242E-002 ,   8.6326388332118401E-005 ,  -7.2545964640273138E-009 ,  -7.7680522678438306E-005 ,   2.6219388713974811E-008 ,   1.5013652122001588E-007
   1.9901965538025846E-021 ,   0.0000000000000000      ,   1.5881867761018131E-021 ,   1.2675583410812135E-009 ,   0.0000000000000000      ,   7.7714997026596071E-010 ,  -9.1906335847806010E-016 ,   0.0000000000000000      ,   2.8330262055293949E-016 ,   7.6761876956830591E-019 ,   0.0000000000000000      ,   2.3605418973015967E-019 ,   0.0000000000000000      ,   7.2890674412484605E-042 ,   0.0000000000000000      , -0.27264481575003241      ,  -7.2068281263376346E-002 ,   0.0000000000000000      ,   0.0000000000000000      ,   0.0000000000000000      ,   0.0000000000000000      ,   0.0000000000000000     
