 mean[u],mean[v],mean[w],var[u],var[v],var[w],skew[u],skew[v],skew[w],kurt[u],kurt[v],kurt[w],<u'v'>,<u'w'>,<v'w'>,mean[p],var[p],mean[phi],var[phi],<u'phi'>,<v'phi'>,<w'phi'>
  -5.4593920428499827E-022 ,   0.0000000000000000      ,  -7.2032955692649032E-021 ,   2.2697824073907928E-012 ,   0.0000000000000000      ,   1.4404611383587994E-012 ,  -1.8471781886904131E-019 ,   0.0000000000000000      ,  -6.0003962187939493E-020 ,   4.0963070899247744E-024 ,   0.0000000000000000      ,   1.7425917613823514E-024 ,   0.0000000000000000      ,  -6.1956754606275942E-042 ,   0.0000000000000000      ,  -9.3992122231827263E-002 ,  -8.1398162619577101E-003 ,   0.0000000000000000      ,   0.0000000000000000      ,   0.0000000000000000      ,   0.0000000000000000      ,   0.0000000000000000     
   1.2110578673891947      ,  -5.8546917314217239E-018 ,   4.2616537871498650E-003 ,  -1.3564883921611461      ,   4.7409578603633111E-006 ,   2.1186921217059853E-003 ,   3.1633464643013824      ,   4.2538250335486946E-010 ,  -2.6788632945099133E-005 ,  -5.5367665346881925      ,   1.0781278196636310E-011 ,   1.7155340776871807E-006 ,  -9.1096104636072725E-005 ,  -7.3229252349753839E-003 ,  -5.9343915167162083E-007 ,  -9.4005343822611082E-002 ,  -8.1442477637577223E-003 ,   0.0000000000000000      ,   0.0000000000000000      ,   0.0000000000000000      ,   0.0000000000000000      ,   0.0000000000000000     
   2.3941798407212445      ,   9.0530881402539620E-018 ,   8.6003752962287450E-003 ,  -5.3023733556249102      ,   1.1170006119672276E-004 ,   6.0214859467192447E-003 ,   24.446728277792637      ,   4.0124038409616095E-008 ,  -1.4932242776307221E-004 ,  -84.595201563372200      ,   5.7073197753292394E-009 ,   1.3264176321966444E-005 ,  -9.7730435658776585E-004 ,  -2.9219726310909716E-002 ,  -8.4782491564102380E-006 ,  -9.4105395717430346E-002 ,  -8.1586630654540849E-003 ,   0.0000000000000000      ,   0.0000000000000000      ,   0.0000000000000000      ,   0.0000000000000000      ,   0.0000000000000000     
   3.5070021493960422      ,  -6.8304736866586779E-018 ,   1.2773597845417733E-002 ,  -11.383797745582331      ,   3.7924958553511141E-004 ,   9.8429007934103044E-003 ,   76.899507240773275      ,   6.4564570575589233E-008 ,  -3.5787695185836885E-004 ,  -389.87122646444914      ,   6.2721987808717971E-008 ,   3.4573074480037015E-005 ,  -2.8925517521715912E-003 ,  -6.3565409419191379E-002 ,  -2.5698210175579282E-005 ,  -9.4385183234122941E-002 ,  -8.2066497743469233E-003 ,   0.0000000000000000      ,   0.0000000000000000      ,   0.0000000000000000      ,   0.0000000000000000      ,   0.0000000000000000     
   4.5036724951907914      ,   1.8431436932253575E-017 ,   1.6365911770439955E-002 ,  -18.791632711873071      ,   9.1567771215394231E-004 ,   1.3347953947819641E-002 ,   163.08279470267132      ,  -4.7305178339636719E-007 ,  -6.2194514696682548E-004 ,  -1062.1700096883744      ,   3.5210012011551162E-007 ,   6.3564548459010822E-005 ,  -5.7015734408684257E-003 , -0.10469965142184470      ,  -4.8726667850428891E-005 ,  -9.4906081853771543E-002 ,  -8.2925554743766301E-003 ,   0.0000000000000000      ,   0.0000000000000000      ,   0.0000000000000000      ,   0.0000000000000000      ,   0.0000000000000000     
   5.3622555764189466      ,  -1.9515639104739080E-017 ,   1.9061775611870425E-002 ,  -26.666930881136928      ,   1.6332357818862079E-003 ,   1.6506219087062266E-002 ,   275.67100756506238      ,  -2.5893197980486688E-006 ,  -9.0388194768693505E-004 ,  -2138.6173260362175      ,   1.0649405238544433E-006 ,   9.7974947593544560E-005 ,  -8.5385584239768258E-003 , -0.14571584168323359      ,  -6.3076415591745537E-005 ,  -9.5642789213129617E-002 ,  -8.4195625902174637E-003 ,   0.0000000000000000      ,   0.0000000000000000      ,   0.0000000000000000      ,   0.0000000000000000      ,   0.0000000000000000     
   6.0847616639046098      ,   2.6020852139652106E-017 ,   2.0569525170084889E-002 ,  -34.369404898822545      ,   2.6193811799881399E-003 ,   1.9331963476991215E-002 ,   403.33414949821554      ,  -7.3239452975224573E-006 ,  -1.1601315534849966E-003 ,  -3551.9481939211810      ,   2.5764917578420603E-006 ,   1.3351734352929766E-004 ,  -1.1223230634345259E-002 , -0.17934278039008894      ,  -6.4384948509960718E-005 ,  -9.6609860423223948E-002 ,  -8.5869502385346706E-003 ,   0.0000000000000000      ,   0.0000000000000000      ,   0.0000000000000000      ,   0.0000000000000000      ,   0.0000000000000000     
   6.6868093955450831      ,  -1.1275702593849246E-017 ,   2.0731504155521052E-002 ,  -41.540214001597597      ,   3.7407645080615986E-003 ,   2.1844022246567080E-002 ,   535.90854263972756      ,  -1.4511128147913725E-005 ,  -1.3436703772455366E-003 ,  -5188.1092362840027      ,   4.9174276903945318E-006 ,   1.6486148255875883E-004 ,  -1.3375933561374780E-002 , -0.19969168153058714      ,  -3.6375448369067002E-005 ,  -9.7751731770858968E-002 ,  -8.7878647290043198E-003 ,   0.0000000000000000      ,   0.0000000000000000      ,   0.0000000000000000      ,   0.0000000000000000      ,   0.0000000000000000     
   7.1882934615464382      ,   1.5178830414797062E-017 ,   1.9731029759567413E-002 ,  -48.036272434931433      ,   5.0595100876700714E-003 ,   2.4029976088798782E-002 ,   666.38663496528045      ,  -2.3490175976351293E-005 ,  -1.4302929242412084E-003 ,  -6936.9747298247930      ,   8.4141316818896451E-006 ,   1.8938079206709391E-004 ,  -1.5195128008154347E-002 , -0.20557090358623664      ,   2.5675211865702161E-005 ,  -9.9052270794767958E-002 ,  -9.0208401167318590E-003 ,   0.0000000000000000      ,   0.0000000000000000      ,   0.0000000000000000      ,   0.0000000000000000      ,   0.0000000000000000     
   7.6081165956628656      ,  -1.0408340855860843E-017 ,   1.7885640603179133E-002 ,  -53.840561852961301      ,   6.4509740675380888E-003 ,   2.5893616434958334E-002 ,   790.72324817570029      ,  -3.2169264470314582E-005 ,  -1.4234016868439644E-003 ,  -8714.0202091812698      ,   1.2705036882604841E-005 ,   2.0421975072074420E-004 ,  -1.6571318599975911E-002 , -0.19900299098581314      ,   1.1304316682733153E-004 , -0.10046199473153523      ,  -9.2766312243970223E-003 ,   0.0000000000000000      ,   0.0000000000000000      ,   0.0000000000000000      ,   0.0000000000000000      ,   0.0000000000000000     
   7.9630699860163618      ,   2.9923979960599922E-017 ,   1.5330313994751519E-002 ,  -59.008532934986533      ,   7.9525724491924018E-003 ,   2.7494960989295478E-002 ,   907.24051740273308      ,  -3.9338646277766053E-005 ,  -1.3237262227112304E-003 ,  -10466.533977892508      ,   1.7848699618896689E-005 ,   2.0860496610431957E-004 ,  -1.7675835783276462E-002 , -0.18106291063973029      ,   2.1232733775467896E-004 , -0.10194814422222397      ,  -9.5525928335419077E-003 ,   0.0000000000000000      ,   0.0000000000000000      ,   0.0000000000000000      ,   0.0000000000000000      ,   0.0000000000000000     
   8.2674346852892207      ,  -3.0357660829594124E-018 ,   1.2225460344515087E-002 ,  -63.630379575734302      ,   9.4648364418938036E-003 ,   2.8888669080513220E-002 ,   1015.8713824341638      ,  -4.2864340779421935E-005 ,  -1.1380013544048523E-003 ,  -12169.717921531166      ,   2.3344711779898482E-005 ,   2.0729896714476040E-004 ,  -1.8425961265441784E-002 , -0.15386758578196541      ,   3.2626954992834783E-004 , -0.10347503020236816      ,  -9.8401228865266366E-003 ,   0.0000000000000000      ,   0.0000000000000000      ,   0.0000000000000000      ,   0.0000000000000000      ,   0.0000000000000000     
   8.5327062224296526      ,   3.8163916471489756E-017 ,   9.1544126604530211E-003 ,  -67.801932106835423      ,   1.1002281765518802E-002 ,   2.9968989501928878E-002 ,   1117.3728043839019      ,  -4.1251543708486865E-005 ,  -9.0585667349977865E-004 ,  -13817.111274006242      ,   2.9391104839130064E-005 ,   2.0552024582784983E-004 ,  -1.8965881715653908E-002 , -0.12544630418185568      ,   4.6056565047560038E-004 , -0.10500036298080634      ,  -1.0134179222785530E-002 ,   0.0000000000000000      ,   0.0000000000000000      ,   0.0000000000000000      ,   0.0000000000000000      ,   0.0000000000000000     
   8.7671591310954131      ,   3.4694469519536142E-018 ,   6.9875818511912274E-003 ,  -71.599591964936366      ,   1.2469333388111903E-002 ,   3.0541642390856626E-002 ,   1212.5368271987409      ,  -3.2050546528687716E-005 ,  -7.0052252756609137E-004 ,  -15407.731660543875      ,   3.5705055707671438E-005 ,   2.0241592494725752E-004 ,  -1.9290973909264906E-002 , -0.10783759510287369      ,   6.0278646005805590E-004 , -0.10647848663774646      ,  -1.0423046385328739E-002 ,   0.0000000000000000      ,   0.0000000000000000      ,   0.0000000000000000      ,   0.0000000000000000      ,   0.0000000000000000     
   8.9769445621515782      ,   1.3010426069826053E-017 ,   6.4028031395155297E-003 ,  -75.085283365027465      ,   1.3843739571542085E-002 ,   3.0609493946535601E-002 ,   1302.1362272088181      ,  -1.5326763803667699E-005 ,  -6.1146167495915898E-004 ,  -16943.933738877888      ,   4.2303536268037123E-005 ,   1.9916780787774445E-004 ,  -1.9507693936636320E-002 , -0.11130461986899307      ,   7.3156185356287266E-004 , -0.10784385954345088      ,  -1.0695668203986118E-002 ,   0.0000000000000000      ,   0.0000000000000000      ,   0.0000000000000000      ,   0.0000000000000000      ,   0.0000000000000000     
   9.1671000244277252      ,  -8.6736173798840355E-018 ,   7.4823125284184467E-003 ,  -78.315859395425178      ,   1.5034129402978101E-002 ,   3.0388475518179223E-002 ,   1387.0580031296040      ,   7.4574470136379735E-006 ,  -6.6882215488358611E-004 ,  -18432.876141315523      ,   4.8646118388900972E-005 ,   1.9848607410333187E-004 ,  -1.9602877126995325E-002 , -0.13917508799483047      ,   8.2891159822368402E-004 , -0.10904196197356571      ,  -1.0938383547849623E-002 ,   0.0000000000000000      ,   0.0000000000000000      ,   0.0000000000000000      ,   0.0000000000000000      ,   0.0000000000000000     
   9.3420752694863207      ,   1.3877787807814457E-017 ,   9.6668334333810980E-003 ,  -81.347724956844445      ,   1.6010341346070666E-002 ,   3.0046099706479458E-002 ,   1468.3673197921971      ,   3.3443445205685785E-005 ,  -8.2697267159488239E-004 ,  -19887.279630534729      ,   5.4483929479921632E-005 ,   2.0030500988609985E-004 ,  -1.9633451232705306E-002 , -0.18551063296585057      ,   9.0378381907000324E-004 , -0.11001190915779760      ,  -1.1139262366996841E-002 ,   0.0000000000000000      ,   0.0000000000000000      ,   0.0000000000000000      ,   0.0000000000000000      ,   0.0000000000000000     
   9.5062635604230117      ,  -2.4286128663675299E-017 ,   1.2211053696493611E-002 ,  -84.244238933766496      ,   1.6743087718255670E-002 ,   2.9540227787664006E-002 ,   1547.4761211675209      ,   6.0920809900966150E-005 ,  -1.0373355427543470E-003 ,  -21328.346457196072      ,   5.9600421579537832E-005 ,   2.0397583737844261E-004 ,  -1.9557774846808120E-002 , -0.23939090802856733      ,   9.8922755874304540E-004 , -0.11074906872047872      ,  -1.1293871001844757E-002 ,   0.0000000000000000      ,   0.0000000000000000      ,   0.0000000000000000      ,   0.0000000000000000      ,   0.0000000000000000     
   9.6648748523184871      ,   2.4286128663675299E-017 ,   1.4494531827571449E-002 ,  -87.090375578136602      ,   1.7294038018738214E-002 ,   2.8811207836809283E-002 ,   1626.5452326334398      ,   8.8106525950527582E-005 ,  -1.2458626980842004E-003 ,  -22793.439439218972      ,   6.4132734984200687E-005 ,   2.0823035124714674E-004 ,  -1.9325058971211031E-002 , -0.28930378309904664      ,   1.0885897383892740E-003 , -0.11129592455970026      ,  -1.1409964622752396E-002 ,   0.0000000000000000      ,   0.0000000000000000      ,   0.0000000000000000      ,   0.0000000000000000      ,   0.0000000000000000     
   9.8225206370868374      ,   3.0357660829594124E-018 ,   1.6193154822361364E-002 ,  -89.965983804388458      ,   1.7681479551150254E-002 ,   2.8040386195127213E-002 ,   1707.7557920293525      ,   1.1436360747764719E-004 ,  -1.3814700708770070E-003 ,  -24323.118550234227      ,   6.7761171682462779E-005 ,   2.1478270841766747E-004 ,  -1.8856268810411386E-002 , -0.32680677871639008      ,   1.1526082173566885E-003 , -0.11168541526008041      ,  -1.1493574014096236E-002 ,   0.0000000000000000      ,   0.0000000000000000      ,   0.0000000000000000      ,   0.0000000000000000      ,   0.0000000000000000     
   9.9808741647130912      ,   2.4936649967166602E-018 ,   1.7725624719365778E-002 ,  -92.900530132813344      ,   1.7872491833324823E-002 ,   2.7325384036909640E-002 ,   1791.9802045122669      ,   1.3825127446844286E-004 ,  -1.4572650277133474E-003 ,  -25935.389923306044      ,   6.9758919187704635E-005 ,   2.2387139148526922E-004 ,  -1.8178631054776632E-002 , -0.35417245915982465      ,   1.1264512514900975E-003 , -0.11187497605134661      ,  -1.1537667671242480E-002 ,   0.0000000000000000      ,   0.0000000000000000      ,   0.0000000000000000      ,   0.0000000000000000      ,   0.0000000000000000     
   10.139450287184141      ,  -3.5236570605778894E-017 ,   1.9046747533032062E-002 ,  -95.885447368666348      ,   1.7828326249268375E-002 ,   2.6281092289047573E-002 ,   1879.0264893062442      ,   1.6169524786211511E-004 ,  -1.4639257875257744E-003 ,  -27628.438918193780      ,   6.9899682451727131E-005 ,   2.1703353571084983E-004 ,  -1.7291841825440094E-002 , -0.36826807048718446      ,   9.6511734752220278E-004 , -0.11182849968248154      ,  -1.1535130602549386E-002 ,   0.0000000000000000      ,   0.0000000000000000      ,   0.0000000000000000      ,   0.0000000000000000      ,   0.0000000000000000     
   10.296252583519522      ,   3.0140820395097023E-017 ,   1.8537384833375876E-002 ,  -98.882506186034973      ,   1.7549943392865620E-002 ,   2.4854569298702708E-002 ,   1967.8012955304880      ,   1.8788634887228789E-004 ,  -1.2905544918609534E-003 ,  -29382.253789861126      ,   6.9136637299516813E-005 ,   1.8758169616933358E-004 ,  -1.6327011605202835E-002 , -0.34596159531817328      ,   7.1769388542780111E-004 , -0.11155149613233727      ,  -1.1486383882223705E-002 ,   0.0000000000000000      ,   0.0000000000000000      ,   0.0000000000000000      ,   0.0000000000000000      ,   0.0000000000000000     
   10.450533203142950      ,   3.8380756905986857E-017 ,   1.5722273362667436E-002 ,  -101.87530060961549      ,   1.6983688326237784E-002 ,   2.3801495602248000E-002 ,   2057.8033974974951      ,   2.1185647320399014E-004 ,  -1.0194362149330966E-003 ,  -31187.457753851435      ,   6.7194250481994732E-005 ,   1.6043960899215641E-004 ,  -1.5332575217604753E-002 , -0.28698065648386306      ,   4.8501148437500862E-004 , -0.11098121232080213      ,  -1.1378212120220924E-002 ,   0.0000000000000000      ,   0.0000000000000000      ,   0.0000000000000000      ,   0.0000000000000000      ,   0.0000000000000000     
   10.609374112497061      ,   9.1506663357776574E-017 ,   1.3768265221132279E-002 ,  -105.00263298797442      ,   1.6098180958713293E-002 ,   2.2854181674600262E-002 ,   2153.2745469102520      ,   2.2117363526448061E-004 ,  -9.2953397930049927E-004 ,  -33131.328319346117      ,   6.2012062986982832E-005 ,   1.4722203138763668E-004 ,  -1.4159718492929267E-002 , -0.25009305637173018      ,   3.7331945912844148E-004 , -0.11009580776300380      ,  -1.1208568487489365E-002 ,   0.0000000000000000      ,   0.0000000000000000      ,   0.0000000000000000      ,   0.0000000000000000      ,   0.0000000000000000     
   10.779040590693658      ,  -4.5970172113385388E-017 ,   1.5425059740483409E-002 ,  -108.39436435102989      ,   1.4967403956282996E-002 ,   2.1058037211239108E-002 ,   2258.4366369891704      ,   2.1842869626989022E-004 ,  -9.5678440075571759E-004 ,  -35306.001420657325      ,   5.3757974396136220E-005 ,   1.3464176755233938E-004 ,  -1.2834063557758717E-002 , -0.28794497051865942      ,   4.6557876813076436E-004 , -0.10895959606246136      ,  -1.0992161043941514E-002 ,   0.0000000000000000      ,   0.0000000000000000      ,   0.0000000000000000      ,   0.0000000000000000      ,   0.0000000000000000     
   10.954094159754066      ,   6.0715321659188248E-018 ,   1.4744406775566269E-002 ,  -111.94947568055990      ,   1.3771190092396836E-002 ,   1.8562724845894676E-002 ,   2370.4446950105589      ,   2.2122156225228118E-004 ,  -7.7014964007735421E-004 ,  -37659.650965343171      ,   4.6538054412946033E-005 ,   1.0332358264269226E-004 ,  -1.1412128008190511E-002 , -0.29508790207651958      ,   5.1916986953024207E-004 , -0.10776533423745337      ,  -1.0765870374838379E-002 ,   0.0000000000000000      ,   0.0000000000000000      ,   0.0000000000000000      ,   0.0000000000000000      ,   0.0000000000000000     
   11.124317653026511      ,   3.2959746043559335E-017 ,   5.9676313961590701E-003 ,  -115.46218727559020      ,   1.2782944424808755E-002 ,   1.6279333143274424E-002 ,   2482.8768955947053      ,   2.1756902669135573E-004 ,  -2.5604897941969014E-004 ,  -40059.776473770442      ,   4.0910850054875942E-005 ,   6.6117878004746738E-005 ,  -9.9201127365188529E-003 , -0.14401726071367782      ,   5.2925114168530379E-004 , -0.10676600808770097      ,  -1.0578510253267297E-002 ,   0.0000000000000000      ,   0.0000000000000000      ,   0.0000000000000000      ,   0.0000000000000000      ,   0.0000000000000000     
   11.282798954896744      ,  -2.9490299091605721E-017 ,  -8.7530976953472776E-003 ,  -118.78220787136253      ,   1.1793210578463054E-002 ,   1.4548986940886416E-002 ,   2590.7253475811904      ,   1.8697609711336574E-004 ,   3.7648452926195556E-004 ,  -42396.352840550870      ,   3.4076858535753046E-005 ,   5.8416825466642527E-005 ,  -8.2918401454725212E-003 ,  0.12996648115513215      ,   5.5909097095986323E-004 , -0.10578826312353062      ,  -1.0395928034131178E-002 ,   0.0000000000000000      ,   0.0000000000000000      ,   0.0000000000000000      ,   0.0000000000000000      ,   0.0000000000000000     
   11.423867045797699      ,   3.8163916471489756E-017 ,  -2.6366996244256303E-002 ,  -121.77783907981407      ,   1.0763523463210141E-002 ,   1.2553649250860357E-002 ,   2689.3386971296900      ,   1.4616343045475091E-004 ,   9.6952846635878079E-004 ,  -44561.431073986460      ,   2.8157815910869431E-005 ,   9.3408579423897491E-005 ,  -6.4552409081904526E-003 ,  0.45096015706979969      ,   4.7503639726649777E-004 , -0.10474059544667436      ,  -1.0198897492125825E-002 ,   0.0000000000000000      ,   0.0000000000000000      ,   0.0000000000000000      ,   0.0000000000000000      ,   0.0000000000000000     
   11.542632698264427      ,   1.0408340855860843E-017 ,  -4.0118614802728873E-002 ,  -124.32830541203241      ,   1.0333819681863652E-002 ,   1.0112254553676396E-002 ,   2774.2604725715792      ,   1.1756267464524400E-004 ,   1.1914717504464265E-003 ,  -46447.278771941463      ,   2.7443918100791231E-005 ,   1.2561503831039385E-004 ,  -4.5199571912279300E-003 ,  0.71074485670218068      ,   2.9450167121148821E-004 , -0.10432872955924301      ,  -1.0123509455528656E-002 ,   0.0000000000000000      ,   0.0000000000000000      ,   0.0000000000000000      ,   0.0000000000000000      ,   0.0000000000000000     
   11.631742098989758      ,   9.7144514654701197E-017 ,  -4.7601784193877977E-002 ,  -126.25928006589105      ,   1.0371774755188466E-002 ,   8.6063673823611742E-003 ,   2839.1380394243770      ,   6.8240645581761359E-005 ,   1.2719898970947152E-003 ,  -47901.057785790224      ,   2.8627391410932219E-005 ,   1.4684827565540046E-004 ,  -2.3832834888424343E-003 ,  0.89056700739814765      ,   2.7303919499500537E-004 , -0.10435647855115177      ,  -1.0132210202618929E-002 ,   0.0000000000000000      ,   0.0000000000000000      ,   0.0000000000000000      ,   0.0000000000000000      ,   0.0000000000000000     
   11.664690452752819      ,  -5.3776427755281020E-017 ,  -5.3920413683764740E-002 ,  -126.97779454392575      ,   1.0552175902319966E-002 ,   7.8057621061674333E-003 ,   2863.4053822005890      ,   7.6729024986053882E-006 ,   1.3461566411625233E-003 ,  -48447.687158597924      ,   2.9812234109409957E-005 ,   1.6977795596143780E-004 ,   8.2624378842394155E-005 ,   1.0455727955439920      ,   3.7348619897824997E-004 , -0.10453897988689180      ,  -1.0169204593159531E-002 ,   0.0000000000000000      ,   0.0000000000000000      ,   0.0000000000000000      ,   0.0000000000000000      ,   0.0000000000000000     
   11.623490580441915      ,   3.5561831257524545E-017 ,  -4.5583566763465026E-002 ,  -126.08032489942852      ,   1.0949315001526974E-002 ,   8.9788565967181093E-003 ,   2833.1038924140516      ,  -3.6312403292743446E-005 ,   1.2037500702556231E-003 ,  -47765.360843606919      ,   3.1857494936442738E-005 ,   1.3176812745844890E-004 ,   2.4950522007936280E-003 ,  0.87096272304432576      ,   4.6610218075255732E-004 , -0.10493482488639483      ,  -1.0243932985748629E-002 ,   0.0000000000000000      ,   0.0000000000000000      ,   0.0000000000000000      ,   0.0000000000000000      ,   0.0000000000000000     
   11.519920256502765      ,   1.2143064331837650E-017 ,  -1.9687163096574953E-002 ,  -123.83816806804668      ,   1.1249845295020612E-002 ,   1.1359563318047924E-002 ,   2757.8726843132708      ,  -6.8794851626048428E-005 ,   6.1296206432761983E-004 ,  -46081.846289673180      ,   3.3506341458399899E-005 ,   5.5522316277105378E-005 ,   4.8125851358341160E-003 ,  0.34794049304038999      ,   3.8208389837958250E-004 , -0.10523764665800020      ,  -1.0297737411073083E-002 ,   0.0000000000000000      ,   0.0000000000000000      ,   0.0000000000000000      ,   0.0000000000000000      ,   0.0000000000000000     
   11.388692761481385      ,   9.5409791178724390E-018 ,  -6.0569966827256653E-004 ,  -121.02870568298698      ,   1.1528181979255637E-002 ,   1.2947022090980038E-002 ,   2664.5616181657015      ,  -1.1063032451586317E-004 ,   1.3512318446667516E-005 ,  -44014.886572892094      ,   3.4111752759175813E-005 ,   3.9444377257734414E-005 ,   6.8068023003198521E-003 ,  -1.4693182123134810E-002 ,   4.1415296963846516E-004 , -0.10551601362053656      ,  -1.0346819132241902E-002 ,   0.0000000000000000      ,   0.0000000000000000      ,   0.0000000000000000      ,   0.0000000000000000      ,   0.0000000000000000     
   11.245282710196969      ,   8.6736173798840355E-019 ,   8.4129627759579780E-003 ,  -117.99686447333987      ,   1.2160584597555358E-002 ,   1.4911365593740060E-002 ,   2565.0713820824594      ,  -1.5490892450986790E-004 ,  -3.7797332502275186E-004 ,  -41837.453807096463      ,   3.7128675992730767E-005 ,   5.5072833278642062E-005 ,   8.0174098039359053E-003 , -0.18022451104787249      ,   4.5287522997376284E-004 , -0.10614751588308342      ,  -1.0462369119244721E-002 ,   0.0000000000000000      ,   0.0000000000000000      ,   0.0000000000000000      ,   0.0000000000000000      ,   0.0000000000000000     
   11.088546658696821      ,   1.0408340855860843E-017 ,   1.3768246141776151E-002 ,  -114.72693236906873      ,   1.3187451705480951E-002 ,   1.7661882964180482E-002 ,   2459.1924765923045      ,  -1.8928857251809621E-004 ,  -7.1189622096201914E-004 ,  -39550.948678677887      ,   4.3743774845665560E-005 ,   8.9551293103801697E-005 ,   8.9946010276850518E-003 , -0.29550782443940349      ,   3.6139471962492726E-004 , -0.10718099115363294      ,  -1.0655053833361046E-002 ,   0.0000000000000000      ,   0.0000000000000000      ,   0.0000000000000000      ,   0.0000000000000000      ,   0.0000000000000000     
   10.916925202966635      ,   3.4694469519536142E-018 ,   1.1933394698074888E-002 ,  -111.19845060379473      ,   1.4467694542048356E-002 ,   2.0935256530244098E-002 ,   2346.6238035123406      ,  -2.0581395917780126E-004 ,  -7.0760253058545978E-004 ,  -37155.750194289867      ,   4.9814166505505579E-005 ,   1.1504719190022226E-004 ,   1.0042684029904877E-002 , -0.28577717383258372      ,   4.5517127223305786E-004 , -0.10845376225300221      ,  -1.0897744350361557E-002 ,   0.0000000000000000      ,   0.0000000000000000      ,   0.0000000000000000      ,   0.0000000000000000      ,   0.0000000000000000     
   10.735175220027767      ,   5.2041704279304213E-018 ,   8.6972331560072891E-003 ,  -107.52028709442170      ,   1.5811762387296112E-002 ,   2.2753947233473803E-002 ,   2231.1679971477774      ,  -2.1441416339139176E-004 ,  -5.0965815397021209E-004 ,  -34738.636788480428      ,   5.6819915979595625E-005 ,   1.2133205891819621E-004 ,   1.1349794424672054E-002 , -0.23357997019593774      ,   6.8526103973368981E-004 , -0.10981174037922399      ,  -1.1160243329477147E-002 ,   0.0000000000000000      ,   0.0000000000000000      ,   0.0000000000000000      ,   0.0000000000000000      ,   0.0000000000000000     
   10.555112899200015      ,  -1.6479873021779667E-017 ,   8.0068364144807724E-003 ,  -103.93600949488180      ,   1.6889767644669498E-002 ,   2.3663293155754436E-002 ,   2120.5438308137614      ,  -2.1100205806637846E-004 ,  -4.0976383353789826E-004 ,  -32461.463736023907      ,   6.3095410850386405E-005 ,   1.2998226347233404E-004 ,   1.2671952234367935E-002 , -0.20349081003855099      ,   7.4286748752065875E-004 , -0.11088107635549135      ,  -1.1369380437281848E-002 ,   0.0000000000000000      ,   0.0000000000000000      ,   0.0000000000000000      ,   0.0000000000000000      ,   0.0000000000000000     
   10.381342482143292      ,  -8.6736173798840355E-019 ,   8.9396802104872840E-003 ,  -100.53389245600285      ,   1.7596647799560942E-002 ,   2.4580520454257283E-002 ,   2017.2913333094448      ,  -1.9539858912415043E-004 ,  -4.9077675936123172E-004 ,  -30371.444685875176      ,   6.7155193628281313E-005 ,   1.4356760256095414E-004 ,   1.3881571706202763E-002 , -0.19065085882491498      ,   6.6896422357625340E-004 , -0.11159923949573848      ,  -1.1509279529296515E-002 ,   0.0000000000000000      ,   0.0000000000000000      ,   0.0000000000000000      ,   0.0000000000000000      ,   0.0000000000000000     
   10.216678639750976      ,  -8.6736173798840355E-018 ,   1.2347180075218053E-002 ,  -97.361397345795723      ,   1.8054585994408481E-002 ,   2.5121785985198902E-002 ,   1922.5688951931838      ,  -1.7386498789192514E-004 ,  -8.2312698748657112E-004 ,  -28485.175639567125      ,   7.0138322638818072E-005 ,   1.5900946728116246E-004 ,   1.5044269189960484E-002 , -0.22115000167416682      ,   5.1933577619706669E-004 , -0.11204958902419922      ,  -1.1594058260321260E-002 ,   0.0000000000000000      ,   0.0000000000000000      ,   0.0000000000000000      ,   0.0000000000000000      ,   0.0000000000000000     
   10.064092150351918      ,   8.6736173798840355E-018 ,   1.7043040471449399E-002 ,  -94.465415277826935      ,   1.8324102876105100E-002 ,   2.5405838886986463E-002 ,   1837.4395942961405      ,  -1.5069223818606453E-004 ,  -1.2269136874550393E-003 ,  -26816.155818964609      ,   7.2178105237480242E-005 ,   1.8143929163728310E-004 ,   1.6121414949888453E-002 , -0.27680266584523949      ,   4.2352857008545237E-004 , -0.11232993255042667      ,  -1.1643797678494728E-002 ,   0.0000000000000000      ,   0.0000000000000000      ,   0.0000000000000000      ,   0.0000000000000000      ,   0.0000000000000000     
   9.9212109354488582      ,  -8.2399365108898337E-018 ,   1.9950593240414951E-002 ,  -91.792181168402109      ,   1.8381081368938824E-002 ,   2.5774182426287179E-002 ,   1760.0078760684864      ,  -1.2728676489862363E-004 ,  -1.5069930443216348E-003 ,  -25320.262055308427      ,   7.2697552054304518E-005 ,   2.0452125283131192E-004 ,   1.7061123844220451E-002 , -0.30280465908315474      ,   3.9675544605156742E-004 , -0.11237892616497212      ,  -1.1647352215112781E-002 ,   0.0000000000000000      ,   0.0000000000000000      ,   0.0000000000000000      ,   0.0000000000000000      ,   0.0000000000000000     
   9.7820769677957173      ,  -7.3725747729014302E-018 ,   1.9166264824470123E-002 ,  -89.225387326530480      ,   1.8208204355076321E-002 ,   2.6237323067331238E-002 ,   1686.7127384153641      ,  -1.0078222576430897E-004 ,  -1.5142558006446384E-003 ,  -23924.341604848611      ,   7.1393021790871027E-005 ,   2.1004000176692424E-004 ,   1.7809025897539622E-002 , -0.26696339843972861      ,   3.9111182975299898E-004 , -0.11221506493989353      ,  -1.1608524066960529E-002 ,   0.0000000000000000      ,   0.0000000000000000      ,   0.0000000000000000      ,   0.0000000000000000      ,   0.0000000000000000     
   9.6405679998889582      ,  -1.2576745200831851E-017 ,   1.4949154471911121E-002 ,  -86.651652566331961      ,   1.7818730722131238E-002 ,   2.6882269662553755E-002 ,   1614.2705787706104      ,  -6.9616101288625862E-005 ,  -1.2351830437282996E-003 ,  -22564.393180382649      ,   6.8741042304877264E-005 ,   1.9626846890344047E-004 ,   1.8348071976601855E-002 , -0.17561160903916603      ,   3.6561746626850031E-004 , -0.11181807787232689      ,  -1.1522979124016713E-002 ,   0.0000000000000000      ,   0.0000000000000000      ,   0.0000000000000000      ,   0.0000000000000000      ,   0.0000000000000000     
   9.4930755605603725      ,   3.9170191612827865E-017 ,   8.5733222863068476E-003 ,  -84.008806626405118      ,   1.7199883916798595E-002 ,   2.7492785135345751E-002 ,   1540.9947564681954      ,  -3.5285005010283365E-005 ,  -7.5095820837131958E-004 ,  -21209.341867115145      ,   6.4867071078425915E-005 ,   1.7634513181406905E-004 ,   1.8719845900660271E-002 ,  -5.2895930737063085E-002 ,   3.2977491298718598E-004 , -0.11120787830750316      ,  -1.1393843369488326E-002 ,   0.0000000000000000      ,   0.0000000000000000      ,   0.0000000000000000      ,   0.0000000000000000      ,   0.0000000000000000     
   9.3383363235871180      ,   3.1441863002079629E-017 ,   1.9550851872859047E-003 ,  -81.280068214957751      ,   1.6370608066259465E-002 ,   2.7749456047176990E-002 ,   1466.5374984297832      ,  -2.5862023373746493E-006 ,  -2.1393079314794856E-004 ,  -19854.272542439590      ,   5.9565714107398380E-005 ,   1.6659635277967795E-004 ,   1.8949261871761217E-002 ,   6.6257602023323869E-002 ,   3.2612722160654573E-004 , -0.11036995451097524      ,  -1.1219504927843236E-002 ,   0.0000000000000000      ,   0.0000000000000000      ,   0.0000000000000000      ,   0.0000000000000000      ,   0.0000000000000000     
   9.1740791047747656      ,  -1.7347234759768071E-018 ,  -2.9258081016047114E-003 ,  -78.432782091020442      ,   1.5334420155400846E-002 ,   2.7720346713341261E-002 ,   1390.1669831200097      ,   2.4343229364713576E-005 ,   1.7675997828162397E-004 ,  -18488.012249129693      ,   5.3112965488562501E-005 ,   1.6529073453368037E-004 ,   1.9002240416333228E-002 ,  0.14890854084753208      ,   3.6073756795564787E-004 , -0.10934341337635051      ,  -1.1008402281187789E-002 ,   0.0000000000000000      ,   0.0000000000000000      ,   0.0000000000000000      ,   0.0000000000000000      ,   0.0000000000000000     
   8.9956279452720427      ,  -2.3418766925686896E-017 ,  -5.3832742131829725E-003 ,  -75.396685322014221      ,   1.4128009786520512E-002 ,   2.7661955830807654E-002 ,   1310.2461193572558      ,   4.6401246824968984E-005 ,   3.5451491493087444E-004 ,  -17084.801681266239      ,   4.6285896030542286E-005 ,   1.6509257361069815E-004 ,   1.8907064439319065E-002 ,  0.18581676767193192      ,   4.0112245035839664E-004 , -0.10812659540598560      ,  -1.0762455926816744E-002 ,   0.0000000000000000      ,   0.0000000000000000      ,   0.0000000000000000      ,   0.0000000000000000      ,   0.0000000000000000     
   8.7970289073525176      ,  -2.4286128663675299E-017 ,  -5.8296190979762160E-003 ,  -72.087818435727627      ,   1.2751929662686720E-002 ,   2.7627496844216615E-002 ,   1224.9603267837465      ,   6.2247484062900903E-005 ,   3.7750125974971948E-004 ,  -15618.581731591963      ,   3.9192592711686298E-005 ,   1.6306536403027904E-004 ,   1.8648804365020553E-002 ,  0.18585731974605360      ,   4.3347756975096693E-004 , -0.10676186970684226      ,  -1.0489620281777358E-002 ,   0.0000000000000000      ,   0.0000000000000000      ,   0.0000000000000000      ,   0.0000000000000000      ,   0.0000000000000000     
   8.5724534281952582      ,  -4.4235448637408581E-017 ,  -4.4326908595590251E-003 ,  -68.435454163230133      ,   1.1282505870062371E-002 ,   2.7494162424810290E-002 ,   1133.0694997171108      ,   7.0094875993841874E-005 ,   2.7460530053253021E-004 ,  -14076.509057064381      ,   3.2173917208880283E-005 ,   1.5798831579896770E-004 ,   1.8299693841476710E-002 ,  0.15445950434448782      ,   4.6970197701118262E-004 , -0.10527948278357507      ,  -1.0199023793275858E-002 ,   0.0000000000000000      ,   0.0000000000000000      ,   0.0000000000000000      ,   0.0000000000000000      ,   0.0000000000000000     
   8.3151640913404297      ,  -2.6454533008646308E-017 ,  -1.1434733069832659E-003 ,  -64.368305314353236      ,   9.7387932848846184E-003 ,   2.7150288657107446E-002 ,   1033.5931477739427      ,   6.8942227513035841E-005 ,   4.1104547961619288E-005 ,  -12453.586900018585      ,   2.5317009389103225E-005 ,   1.5188166881606758E-004 ,   1.7778279570540862E-002 ,   9.4469575930920383E-002 ,   4.9964897054190292E-004 , -0.10374964852778717      ,  -9.9030962017128358E-003 ,   0.0000000000000000      ,   0.0000000000000000      ,   0.0000000000000000      ,   0.0000000000000000      ,   0.0000000000000000     
   8.0159834988625551      ,  -5.4210108624275222E-017 ,   3.5424834672607409E-003 ,  -59.796909892517412      ,   8.2176628841118260E-003 ,   2.6491586807340442E-002 ,   925.48123457947577      ,   6.1547835812123490E-005 ,  -2.7804572297892091E-004 ,  -10748.030116582395      ,   1.9212703205737515E-005 ,   1.4802982420801847E-004 ,   1.7098403374320007E-002 ,   1.7310261710341855E-002 ,   5.0706623538080298E-004 , -0.10221233919389695      ,  -9.6121558960534405E-003 ,   0.0000000000000000      ,   0.0000000000000000      ,   0.0000000000000000      ,   0.0000000000000000      ,   0.0000000000000000     
   7.6630093237172137      ,   3.1225022567582528E-017 ,   8.7369086314723621E-003 ,  -54.621922637231442      ,   6.7016582560914268E-003 ,   2.5405913245248952E-002 ,   807.99695522498428      ,   4.9820597714275339E-005 ,  -6.0117634221395566E-004 ,  -8968.7318908030065      ,   1.3719297311718566E-005 ,   1.4617187271636319E-004 ,   1.6120212340027484E-002 ,  -6.0398381626153193E-002 ,   4.8727153604022773E-004 , -0.10071324176534938      ,  -9.3320777507902505E-003 ,   0.0000000000000000      ,   0.0000000000000000      ,   0.0000000000000000      ,   0.0000000000000000      ,   0.0000000000000000     
   7.2422717529390663      ,  -4.9873299934333204E-018 ,   1.3577968311076008E-002 ,  -48.761789833061279      ,   5.2898510633907769E-003 ,   2.3855270095780378E-002 ,   681.53926246408082      ,   3.7048555789817349E-005 ,  -8.4929633146233461E-004 ,  -7148.0636239328360      ,   9.2057919602592324E-006 ,   1.4353140559326768E-004 ,   1.4888596773107417E-002 , -0.12434065177738729      ,   4.4252912168527551E-004 ,  -9.9281835372229357E-002 ,  -9.0703492067464742E-003 ,   0.0000000000000000      ,   0.0000000000000000      ,   0.0000000000000000      ,   0.0000000000000000      ,   0.0000000000000000     
   6.7373899915745739      ,   2.2985086056692694E-017 ,   1.7163132601647625E-002 ,  -42.172003792950392      ,   3.9406830127821871E-003 ,   2.1913066304823214E-002 ,   548.17998096046767      ,   2.4336672609951228E-005 ,  -9.5877598984515445E-004 ,  -5347.0975181865579      ,   5.5156011169879407E-006 ,   1.3614140279360725E-004 ,   1.3195878899396796E-002 , -0.16291366982738065      ,   3.6585995095401899E-004 ,  -9.7952339934180704E-002 ,  -8.8302441960643602E-003 ,   0.0000000000000000      ,   0.0000000000000000      ,   0.0000000000000000      ,   0.0000000000000000      ,   0.0000000000000000     
   6.1297487181659935      ,  -2.3093506273941244E-017 ,   1.8622422166647241E-002 ,  -34.880122377954706      ,   2.7811430631007510E-003 ,   1.9638501919038303E-002 ,   412.35702308575549      ,   1.3984267512956130E-005 ,  -9.0572610108664842E-004 ,  -3658.2810617600744      ,   2.9906081610902599E-006 ,   1.1937696142870046E-004 ,   1.1126847406911333E-002 , -0.16884067407529360      ,   2.6638235896885498E-004 ,  -9.6770977886689244E-002 ,  -8.6205342838866512E-003 ,   0.0000000000000000      ,   0.0000000000000000      ,   0.0000000000000000      ,   0.0000000000000000      ,   0.0000000000000000     
   5.4000146923870807      ,   1.1926223897340549E-017 ,   1.7590225510933907E-002 ,  -27.044327402805365      ,   1.7470076951752571E-003 ,   1.6977363909505598E-002 ,   281.54333048703688      ,   6.2799326718610380E-006 ,  -7.2122878809683939E-004 ,  -2199.5703679033272      ,   1.2965921235451205E-006 ,   9.2781794025698766E-005 ,   8.4965052299245687E-003 , -0.14426126353808066      ,   1.6287940608571166E-004 ,  -9.5757381296978847E-002 ,  -8.4434943408623342E-003 ,   0.0000000000000000      ,   0.0000000000000000      ,   0.0000000000000000      ,   0.0000000000000000      ,   0.0000000000000000     
   4.5336359920096507      ,  -2.0057740190981832E-017 ,   1.4501351379333931E-002 ,  -19.043054459090481      ,   9.8365565778640624E-004 ,   1.3834978835759730E-002 ,   166.36632288002323      ,   2.0913475560693994E-006 ,  -4.7346686592509451E-004 ,  -1090.7768921005888      ,   4.5139536870739571E-007 ,   6.1676251785964918E-005 ,   5.6963652210231487E-003 , -0.10151796217748751      ,   7.9141167340202560E-005 ,  -9.4973480901260288E-002 ,  -8.3072084105927368E-003 ,   0.0000000000000000      ,   0.0000000000000000      ,   0.0000000000000000      ,   0.0000000000000000      ,   0.0000000000000000     
   3.5295661486503134      ,   9.2157184661267877E-018 ,   1.0376211230423356E-002 ,  -11.531096075593680      ,   4.0797488249600159E-004 ,   1.0214728248472096E-002 ,   78.396716354944658      ,   3.6095840365381727E-007 ,  -2.4217246112433004E-004 ,  -400.02382298557450      ,   8.4720002344222028E-008 ,   3.3424565730318844E-005 ,   2.9092689361296716E-003 ,  -5.7146083280744095E-002 ,   2.6772399395073722E-005 ,  -9.4414554235190351E-002 ,  -8.2140034065936590E-003 ,   0.0000000000000000      ,   0.0000000000000000      ,   0.0000000000000000      ,   0.0000000000000000      ,   0.0000000000000000     
   2.4097347199311248      ,  -8.5787496897915538E-018 ,   6.2949107968150748E-003 ,  -5.3714561097496185      ,   1.1955771690834135E-004 ,   6.2266446784426371E-003 ,   24.926109265381562      ,   1.8577842505633812E-008 ,  -8.4195467249372267E-005 ,  -86.814456068619251      ,   7.8200612961081595E-009 ,   1.2846190046778582E-005 ,   9.9286937420452496E-004 ,  -2.3776055660610480E-002 ,   4.2532043710549708E-006 ,  -9.4112904098134831E-002 ,  -8.1618924004413403E-003 ,   0.0000000000000000      ,   0.0000000000000000      ,   0.0000000000000000      ,   0.0000000000000000      ,   0.0000000000000000     
   1.2191343550877138      ,   5.0771154858422762E-018 ,   2.8872111586464941E-003 ,  -1.3745619567406608      ,   5.0543989514005335E-006 ,   2.1785316280726981E-003 ,   3.2268086431688916      ,   2.9004836777536609E-011 ,  -1.2046826828463963E-005 ,  -5.6854258976525234      ,   1.4587544583362799E-011 ,   1.6886637068239122E-006 ,   9.3618400615482191E-005 ,  -5.5193683680775513E-003 ,   3.6559772030512359E-007 ,  -9.4005973369892137E-002 ,  -8.1461464790232394E-003 ,   0.0000000000000000      ,   0.0000000000000000      ,   0.0000000000000000      ,   0.0000000000000000      ,   0.0000000000000000     
  -2.7048806030484005E-022 ,   0.0000000000000000      ,   1.7940616908086048E-020 ,   2.3286186025441836E-012 ,   0.0000000000000000      ,   1.2844969876641817E-012 ,  -4.0463941486839540E-019 ,   0.0000000000000000      ,  -6.1839398566944852E-020 ,   5.6890224694596131E-024 ,   0.0000000000000000      ,   9.0596382939094506E-025 ,   0.0000000000000000      ,   7.0611124066865874E-042 ,   0.0000000000000000      ,  -9.3991763553953639E-002 ,  -8.1415302083146703E-003 ,   0.0000000000000000      ,   0.0000000000000000      ,   0.0000000000000000      ,   0.0000000000000000      ,   0.0000000000000000     
