 mean[u],mean[v],mean[w],var[u],var[v],var[w],skew[u],skew[v],skew[w],kurt[u],kurt[v],kurt[w],<u'v'>,<u'w'>,<v'w'>,mean[p],var[p],mean[phi],var[phi],<u'phi'>,<v'phi'>,<w'phi'>
   1.0000000000000318      ,   0.0000000000000000      ,   0.0000000000000000      ,  -3.1752378504279477E-014 ,   0.0000000000000000      ,   0.0000000000000000      ,   3.1752378504282494E-014 ,   0.0000000000000000      ,   0.0000000000000000      ,  -3.1752378504283491E-014 ,   0.0000000000000000      ,   0.0000000000000000      ,   0.0000000000000000      ,   0.0000000000000000      ,   0.0000000000000000      ,   0.0000000000000000      ,   0.0000000000000000      ,   0.0000000000000000      ,   0.0000000000000000      ,   0.0000000000000000      ,   0.0000000000000000      ,   0.0000000000000000     
  0.99828036326888725      ,   0.0000000000000000      ,   0.0000000000000000      ,  -1.0280665208028950E-013 ,   0.0000000000000000      ,   0.0000000000000000      ,   2.8646228158024300E-013 ,   0.0000000000000000      ,   0.0000000000000000      ,  -6.2441556215913075E-013 ,   0.0000000000000000      ,   0.0000000000000000      ,   0.0000000000000000      ,   0.0000000000000000      ,   0.0000000000000000      ,   0.0000000000000000      ,   0.0000000000000000      ,   0.0000000000000000      ,   0.0000000000000000      ,   0.0000000000000000      ,   0.0000000000000000      ,   0.0000000000000000     
  0.99636882971998930      ,   0.0000000000000000      ,   0.0000000000000000      ,   7.7160500211448380E-014 ,   0.0000000000000000      ,   0.0000000000000000      ,  -8.6422980990061626E-014 ,   0.0000000000000000      ,   0.0000000000000000      ,   1.4773055931312507E-013 ,   0.0000000000000000      ,   0.0000000000000000      ,   0.0000000000000000      ,   0.0000000000000000      ,   0.0000000000000000      ,   0.0000000000000000      ,   0.0000000000000000      ,   0.0000000000000000      ,   0.0000000000000000      ,   0.0000000000000000      ,   0.0000000000000000      ,   0.0000000000000000     
  0.99406372865041404      ,   0.0000000000000000      ,   0.0000000000000000      ,  -4.0412118096355698E-014 ,   0.0000000000000000      ,   0.0000000000000000      ,   1.2418039837383568E-013 ,   0.0000000000000000      ,   0.0000000000000000      ,  -1.0506748155906933E-013 ,   0.0000000000000000      ,   0.0000000000000000      ,   0.0000000000000000      ,   0.0000000000000000      ,   0.0000000000000000      ,   0.0000000000000000      ,   0.0000000000000000      ,   0.0000000000000000      ,   0.0000000000000000      ,   0.0000000000000000      ,   0.0000000000000000      ,   0.0000000000000000     
  0.99113956379908430      ,   0.0000000000000000      ,   0.0000000000000000      ,  -7.5495165674510645E-014 ,   0.0000000000000000      ,   0.0000000000000000      ,  -4.1752744578390301E-014 ,   0.0000000000000000      ,   0.0000000000000000      ,   3.8990938760532876E-013 ,   0.0000000000000000      ,   0.0000000000000000      ,   0.0000000000000000      ,   0.0000000000000000      ,   0.0000000000000000      ,   0.0000000000000000      ,   0.0000000000000000      ,   0.0000000000000000      ,   0.0000000000000000      ,   0.0000000000000000      ,   0.0000000000000000      ,   0.0000000000000000     
  0.98733785613420932      ,   0.0000000000000000      ,   0.0000000000000000      ,  -1.8096635301390052E-014 ,   0.0000000000000000      ,   0.0000000000000000      ,  -2.7110734585097570E-014 ,   0.0000000000000000      ,   0.0000000000000000      ,  -4.5753582689201399E-015 ,   0.0000000000000000      ,   0.0000000000000000      ,   0.0000000000000000      ,   0.0000000000000000      ,   0.0000000000000000      ,   0.0000000000000000      ,   0.0000000000000000      ,   0.0000000000000000      ,   0.0000000000000000      ,   0.0000000000000000      ,   0.0000000000000000      ,   0.0000000000000000     
  0.98235872253385614      ,   0.0000000000000000      ,   0.0000000000000000      ,   9.1704421834037930E-014 ,   0.0000000000000000      ,   0.0000000000000000      ,  -2.8613610530291380E-013 ,   0.0000000000000000      ,   0.0000000000000000      ,   6.2190155547010863E-013 ,   0.0000000000000000      ,   0.0000000000000000      ,   0.0000000000000000      ,   0.0000000000000000      ,   0.0000000000000000      ,   0.0000000000000000      ,   0.0000000000000000      ,   0.0000000000000000      ,   0.0000000000000000      ,   0.0000000000000000      ,   0.0000000000000000      ,   0.0000000000000000     
  0.97585499288068278      ,   0.0000000000000000      ,   0.0000000000000000      ,  -4.2743586448068527E-014 ,   0.0000000000000000      ,   0.0000000000000000      ,  -2.0969318751186569E-015 ,   0.0000000000000000      ,   0.0000000000000000      ,   8.4657007325892998E-014 ,   0.0000000000000000      ,   0.0000000000000000      ,   0.0000000000000000      ,   0.0000000000000000      ,   0.0000000000000000      ,   0.0000000000000000      ,   0.0000000000000000      ,   0.0000000000000000      ,   0.0000000000000000      ,   0.0000000000000000      ,   0.0000000000000000      ,   0.0000000000000000     
  0.96743015786082442      ,   0.0000000000000000      ,   0.0000000000000000      ,  -7.5495165674510645E-015 ,   0.0000000000000000      ,   0.0000000000000000      ,  -2.2919719229621322E-015 ,   0.0000000000000000      ,   0.0000000000000000      ,   5.3706293261122304E-014 ,   0.0000000000000000      ,   0.0000000000000000      ,   0.0000000000000000      ,   0.0000000000000000      ,   0.0000000000000000      ,   0.0000000000000000      ,   0.0000000000000000      ,   0.0000000000000000      ,   0.0000000000000000      ,   0.0000000000000000      ,   0.0000000000000000      ,   0.0000000000000000     
  0.95664134108091936      ,   0.0000000000000000      ,   0.0000000000000000      ,   2.2981616609740740E-014 ,   0.0000000000000000      ,   0.0000000000000000      ,   5.6280061409979995E-014 ,   0.0000000000000000      ,   0.0000000000000000      ,  -2.0166273629137640E-013 ,   0.0000000000000000      ,   0.0000000000000000      ,   0.0000000000000000      ,   0.0000000000000000      ,   0.0000000000000000      ,   0.0000000000000000      ,   0.0000000000000000      ,   0.0000000000000000      ,   0.0000000000000000      ,   0.0000000000000000      ,   0.0000000000000000      ,   0.0000000000000000     
  0.94300854175819315      ,   0.0000000000000000      ,   0.0000000000000000      ,  -3.9968028886505635E-014 ,   0.0000000000000000      ,   0.0000000000000000      ,  -2.3708898722180226E-014 ,   0.0000000000000000      ,   0.0000000000000000      ,   1.9843387561490307E-013 ,   0.0000000000000000      ,   0.0000000000000000      ,   0.0000000000000000      ,   0.0000000000000000      ,   0.0000000000000000      ,   0.0000000000000000      ,   0.0000000000000000      ,   0.0000000000000000      ,   0.0000000000000000      ,   0.0000000000000000      ,   0.0000000000000000      ,   0.0000000000000000     
  0.92603123650904795      ,   0.0000000000000000      ,   0.0000000000000000      ,   2.6534330288541241E-014 ,   0.0000000000000000      ,   0.0000000000000000      ,  -2.3532775348054911E-014 ,   0.0000000000000000      ,   0.0000000000000000      ,   7.6321067989047411E-014 ,   0.0000000000000000      ,   0.0000000000000000      ,   0.0000000000000000      ,   0.0000000000000000      ,   0.0000000000000000      ,   0.0000000000000000      ,   0.0000000000000000      ,   0.0000000000000000      ,   0.0000000000000000      ,   0.0000000000000000      ,   0.0000000000000000      ,   0.0000000000000000     
  0.90521297583038651      ,   0.0000000000000000      ,   0.0000000000000000      ,  -2.9864999362416711E-014 ,   0.0000000000000000      ,   0.0000000000000000      ,   1.2379749613780290E-014 ,   0.0000000000000000      ,   0.0000000000000000      ,   2.2512961509984717E-014 ,   0.0000000000000000      ,   0.0000000000000000      ,   0.0000000000000000      ,   0.0000000000000000      ,   0.0000000000000000      ,   0.0000000000000000      ,   0.0000000000000000      ,   0.0000000000000000      ,   0.0000000000000000      ,   0.0000000000000000      ,   0.0000000000000000      ,   0.0000000000000000     
  0.88009386501235853      ,   0.0000000000000000      ,   0.0000000000000000      ,   2.3536728122053319E-014 ,   0.0000000000000000      ,   0.0000000000000000      ,  -3.3017697629156355E-015 ,   0.0000000000000000      ,   0.0000000000000000      ,  -1.1607608778452009E-014 ,   0.0000000000000000      ,   0.0000000000000000      ,   0.0000000000000000      ,   0.0000000000000000      ,   0.0000000000000000      ,   0.0000000000000000      ,   0.0000000000000000      ,   0.0000000000000000      ,   0.0000000000000000      ,   0.0000000000000000      ,   0.0000000000000000      ,   0.0000000000000000     
  0.85028980010033017      ,   0.0000000000000000      ,   0.0000000000000000      ,   2.1538326677728037E-014 ,   0.0000000000000000      ,   0.0000000000000000      ,  -5.5365338600834774E-015 ,   0.0000000000000000      ,   0.0000000000000000      ,   1.0330371005000218E-014 ,   0.0000000000000000      ,   0.0000000000000000      ,   0.0000000000000000      ,   0.0000000000000000      ,   0.0000000000000000      ,   0.0000000000000000      ,   0.0000000000000000      ,   0.0000000000000000      ,   0.0000000000000000      ,   0.0000000000000000      ,   0.0000000000000000      ,   0.0000000000000000     
  0.81553610728250170      ,   0.0000000000000000      ,   0.0000000000000000      ,  -3.6859404417555197E-014 ,   0.0000000000000000      ,   0.0000000000000000      ,   2.9229281534412144E-014 ,   0.0000000000000000      ,   0.0000000000000000      ,  -2.2644130996104125E-014 ,   0.0000000000000000      ,   0.0000000000000000      ,   0.0000000000000000      ,   0.0000000000000000      ,   0.0000000000000000      ,   0.0000000000000000      ,   0.0000000000000000      ,   0.0000000000000000      ,   0.0000000000000000      ,   0.0000000000000000      ,   0.0000000000000000      ,   0.0000000000000000     
  0.77573195179675580      ,   0.0000000000000000      ,   0.0000000000000000      ,  -6.5281113847959205E-014 ,   0.0000000000000000      ,   0.0000000000000000      ,   1.0806812810953718E-013 ,   0.0000000000000000      ,   0.0000000000000000      ,  -1.6529588936549283E-013 ,   0.0000000000000000      ,   0.0000000000000000      ,   0.0000000000000000      ,   0.0000000000000000      ,   0.0000000000000000      ,   0.0000000000000000      ,   0.0000000000000000      ,   0.0000000000000000      ,   0.0000000000000000      ,   0.0000000000000000      ,   0.0000000000000000      ,   0.0000000000000000     
  0.73098075023519893      ,   0.0000000000000000      ,   0.0000000000000000      ,  -1.0247358517290195E-013 ,   0.0000000000000000      ,   0.0000000000000000      ,   1.4161846111374228E-013 ,   0.0000000000000000      ,   0.0000000000000000      ,  -1.5482937121827246E-013 ,   0.0000000000000000      ,   0.0000000000000000      ,   0.0000000000000000      ,   0.0000000000000000      ,   0.0000000000000000      ,   0.0000000000000000      ,   0.0000000000000000      ,   0.0000000000000000      ,   0.0000000000000000      ,   0.0000000000000000      ,   0.0000000000000000      ,   0.0000000000000000     
  0.68162109088779255      ,   0.0000000000000000      ,   0.0000000000000000      ,  -2.6090241078691179E-015 ,   0.0000000000000000      ,   0.0000000000000000      ,   3.9418944431667197E-014 ,   0.0000000000000000      ,   0.0000000000000000      ,  -6.5979480827513959E-014 ,   0.0000000000000000      ,   0.0000000000000000      ,   0.0000000000000000      ,   0.0000000000000000      ,   0.0000000000000000      ,   0.0000000000000000      ,   0.0000000000000000      ,   0.0000000000000000      ,   0.0000000000000000      ,   0.0000000000000000      ,   0.0000000000000000      ,   0.0000000000000000     
  0.62824259494878298      ,   0.0000000000000000      ,   0.0000000000000000      ,   5.8064664187895687E-014 ,   0.0000000000000000      ,   0.0000000000000000      ,  -7.3104037431841529E-014 ,   0.0000000000000000      ,   0.0000000000000000      ,   7.8594216263426374E-014 ,   0.0000000000000000      ,   0.0000000000000000      ,   0.0000000000000000      ,   0.0000000000000000      ,   0.0000000000000000      ,   0.0000000000000000      ,   0.0000000000000000      ,   0.0000000000000000      ,   0.0000000000000000      ,   0.0000000000000000      ,   0.0000000000000000      ,   0.0000000000000000     
  0.57168193669629408      ,   0.0000000000000000      ,   0.0000000000000000      ,  -2.3314683517128287E-014 ,   0.0000000000000000      ,   0.0000000000000000      ,   9.9542174634887081E-015 ,   0.0000000000000000      ,   0.0000000000000000      ,   1.3895947955544419E-015 ,   0.0000000000000000      ,   0.0000000000000000      ,   0.0000000000000000      ,   0.0000000000000000      ,   0.0000000000000000      ,   0.0000000000000000      ,   0.0000000000000000      ,   0.0000000000000000      ,   0.0000000000000000      ,   0.0000000000000000      ,   0.0000000000000000      ,   0.0000000000000000     
  0.51299596561011751      ,   0.0000000000000000      ,   0.0000000000000000      ,  -4.3964831775156199E-014 ,   0.0000000000000000      ,   0.0000000000000000      ,   3.6186521240024710E-014 ,   0.0000000000000000      ,   0.0000000000000000      ,  -2.1584654519065568E-014 ,   0.0000000000000000      ,   0.0000000000000000      ,   0.0000000000000000      ,   0.0000000000000000      ,   0.0000000000000000      ,   0.0000000000000000      ,   0.0000000000000000      ,   0.0000000000000000      ,   0.0000000000000000      ,   0.0000000000000000      ,   0.0000000000000000      ,   0.0000000000000000     
  0.45341144937760214      ,   0.0000000000000000      ,   0.0000000000000000      ,   3.4694469519536142E-015 ,   0.0000000000000000      ,   0.0000000000000000      ,  -5.9755793415108210E-016 ,   0.0000000000000000      ,   0.0000000000000000      ,  -7.0471251362925568E-016 ,   0.0000000000000000      ,   0.0000000000000000      ,   0.0000000000000000      ,   0.0000000000000000      ,   0.0000000000000000      ,   0.0000000000000000      ,   0.0000000000000000      ,   0.0000000000000000      ,   0.0000000000000000      ,   0.0000000000000000      ,   0.0000000000000000      ,   0.0000000000000000     
  0.39425409754311186      ,   0.0000000000000000      ,   0.0000000000000000      ,  -6.0507154842071031E-015 ,   0.0000000000000000      ,   0.0000000000000000      ,   3.2707775319605658E-015 ,   0.0000000000000000      ,   0.0000000000000000      ,  -1.6938777375654430E-015 ,   0.0000000000000000      ,   0.0000000000000000      ,   0.0000000000000000      ,   0.0000000000000000      ,   0.0000000000000000      ,   0.0000000000000000      ,   0.0000000000000000      ,   0.0000000000000000      ,   0.0000000000000000      ,   0.0000000000000000      ,   0.0000000000000000      ,   0.0000000000000000     
  0.33686276242673246      ,   0.0000000000000000      ,   0.0000000000000000      ,  -2.9420910152566648E-015 ,   0.0000000000000000      ,   0.0000000000000000      ,   1.1899469868265326E-015 ,   0.0000000000000000      ,   0.0000000000000000      ,  -1.9265099856431147E-015 ,   0.0000000000000000      ,   0.0000000000000000      ,   0.0000000000000000      ,   0.0000000000000000      ,   0.0000000000000000      ,   0.0000000000000000      ,   0.0000000000000000      ,   0.0000000000000000      ,   0.0000000000000000      ,   0.0000000000000000      ,   0.0000000000000000      ,   0.0000000000000000     
  0.28249746181972191      ,   0.0000000000000000      ,   0.0000000000000000      ,   3.8025138593411612E-015 ,   0.0000000000000000      ,   0.0000000000000000      ,  -8.1827480369072450E-016 ,   0.0000000000000000      ,   0.0000000000000000      ,   4.0666603911264161E-016 ,   0.0000000000000000      ,   0.0000000000000000      ,   0.0000000000000000      ,   0.0000000000000000      ,   0.0000000000000000      ,   0.0000000000000000      ,   0.0000000000000000      ,   0.0000000000000000      ,   0.0000000000000000      ,   0.0000000000000000      ,   0.0000000000000000      ,   0.0000000000000000     
  0.23225153770848747      ,   0.0000000000000000      ,   0.0000000000000000      ,   6.2658211952282272E-015 ,   0.0000000000000000      ,   0.0000000000000000      ,  -2.1452937735442526E-015 ,   0.0000000000000000      ,   0.0000000000000000      ,   4.3953840748960708E-016 ,   0.0000000000000000      ,   0.0000000000000000      ,   0.0000000000000000      ,   0.0000000000000000      ,   0.0000000000000000      ,   0.0000000000000000      ,   0.0000000000000000      ,   0.0000000000000000      ,   0.0000000000000000      ,   0.0000000000000000      ,   0.0000000000000000      ,   0.0000000000000000     
  0.18697840191796580      ,   0.0000000000000000      ,   0.0000000000000000      ,   5.7870375158586285E-015 ,   0.0000000000000000      ,   0.0000000000000000      ,  -1.5166337741148066E-015 ,   0.0000000000000000      ,   0.0000000000000000      ,   3.2891738567453948E-016 ,   0.0000000000000000      ,   0.0000000000000000      ,   0.0000000000000000      ,   0.0000000000000000      ,   0.0000000000000000      ,   0.0000000000000000      ,   0.0000000000000000      ,   0.0000000000000000      ,   0.0000000000000000      ,   0.0000000000000000      ,   0.0000000000000000      ,   0.0000000000000000     
  0.14724173322854792      ,   0.0000000000000000      ,   0.0000000000000000      ,   4.3021142204224816E-016 ,   0.0000000000000000      ,   0.0000000000000000      ,  -1.3192198986343377E-016 ,   0.0000000000000000      ,   0.0000000000000000      ,   8.1095526505053084E-017 ,   0.0000000000000000      ,   0.0000000000000000      ,   0.0000000000000000      ,   0.0000000000000000      ,   0.0000000000000000      ,   0.0000000000000000      ,   0.0000000000000000      ,   0.0000000000000000      ,   0.0000000000000000      ,   0.0000000000000000      ,   0.0000000000000000      ,   0.0000000000000000     
  0.11329484082269459      ,   0.0000000000000000      ,   0.0000000000000000      ,  -1.0998146837692957E-015 ,   0.0000000000000000      ,   0.0000000000000000      ,   5.9825039444511547E-017 ,   0.0000000000000000      ,   0.0000000000000000      ,   8.8822304286845291E-018 ,   0.0000000000000000      ,   0.0000000000000000      ,   0.0000000000000000      ,   0.0000000000000000      ,   0.0000000000000000      ,   0.0000000000000000      ,   0.0000000000000000      ,   0.0000000000000000      ,   0.0000000000000000      ,   0.0000000000000000      ,   0.0000000000000000      ,   0.0000000000000000     
   8.5090709499470354E-002 ,   0.0000000000000000      ,   0.0000000000000000      ,  -7.3378803033818940E-016 ,   0.0000000000000000      ,   0.0000000000000000      ,   1.4340544438542332E-016 ,   0.0000000000000000      ,   0.0000000000000000      ,  -2.1269052607716679E-017 ,   0.0000000000000000      ,   0.0000000000000000      ,   0.0000000000000000      ,   0.0000000000000000      ,   0.0000000000000000      ,   0.0000000000000000      ,   0.0000000000000000      ,   0.0000000000000000      ,   0.0000000000000000      ,   0.0000000000000000      ,   0.0000000000000000      ,   0.0000000000000000     
   6.2319770741018070E-002 ,   0.0000000000000000      ,   0.0000000000000000      ,  -4.8268680719054657E-016 ,   0.0000000000000000      ,   0.0000000000000000      ,   5.6388580655626686E-017 ,   0.0000000000000000      ,   0.0000000000000000      ,  -5.1939180521113951E-018 ,   0.0000000000000000      ,   0.0000000000000000      ,   0.0000000000000000      ,   0.0000000000000000      ,   0.0000000000000000      ,   0.0000000000000000      ,   0.0000000000000000      ,   0.0000000000000000      ,   0.0000000000000000      ,   0.0000000000000000      ,   0.0000000000000000      ,   0.0000000000000000     
   4.4468571211900114E-002 ,   0.0000000000000000      ,   0.0000000000000000      ,   1.3400738851920835E-016 ,   0.0000000000000000      ,   0.0000000000000000      ,  -3.3083846050875808E-018 ,   0.0000000000000000      ,   0.0000000000000000      ,   2.6814005059263048E-020 ,   0.0000000000000000      ,   0.0000000000000000      ,   0.0000000000000000      ,   0.0000000000000000      ,   0.0000000000000000      ,   0.0000000000000000      ,   0.0000000000000000      ,   0.0000000000000000      ,   0.0000000000000000      ,   0.0000000000000000      ,   0.0000000000000000      ,   0.0000000000000000     
   3.0889989448138172E-002 ,   0.0000000000000000      ,   0.0000000000000000      ,   4.9873299934333204E-017 ,   0.0000000000000000      ,   0.0000000000000000      ,  -6.4547364240044545E-018 ,   0.0000000000000000      ,   0.0000000000000000      ,   5.2101462745959593E-019 ,   0.0000000000000000      ,   0.0000000000000000      ,   0.0000000000000000      ,   0.0000000000000000      ,   0.0000000000000000      ,   0.0000000000000000      ,   0.0000000000000000      ,   0.0000000000000000      ,   0.0000000000000000      ,   0.0000000000000000      ,   0.0000000000000000      ,   0.0000000000000000     
   2.0874926289166255E-002 ,   0.0000000000000000      ,   0.0000000000000000      ,  -7.9526229351811750E-017 ,   0.0000000000000000      ,   0.0000000000000000      ,   2.8881411476050783E-018 ,   0.0000000000000000      ,   0.0000000000000000      ,  -9.3556248178357146E-020 ,   0.0000000000000000      ,   0.0000000000000000      ,   0.0000000000000000      ,   0.0000000000000000      ,   0.0000000000000000      ,   0.0000000000000000      ,   0.0000000000000000      ,   0.0000000000000000      ,   0.0000000000000000      ,   0.0000000000000000      ,   0.0000000000000000      ,   0.0000000000000000     
   1.3716488626710167E-002 ,   0.0000000000000000      ,   0.0000000000000000      ,   2.1114837309155199E-017 ,   0.0000000000000000      ,   0.0000000000000000      ,  -4.8134670404874595E-019 ,   0.0000000000000000      ,   0.0000000000000000      ,   1.0653912631067972E-020 ,   0.0000000000000000      ,   0.0000000000000000      ,   0.0000000000000000      ,   0.0000000000000000      ,   0.0000000000000000      ,   0.0000000000000000      ,   0.0000000000000000      ,   0.0000000000000000      ,   0.0000000000000000      ,   0.0000000000000000      ,   0.0000000000000000      ,   0.0000000000000000     
   8.7602081549470450E-003 ,   0.0000000000000000      ,   0.0000000000000000      ,  -5.1906179007743525E-018 ,   0.0000000000000000      ,   0.0000000000000000      ,   1.3080108651517303E-019 ,   0.0000000000000000      ,   0.0000000000000000      ,  -2.6019992617838924E-021 ,   0.0000000000000000      ,   0.0000000000000000      ,   0.0000000000000000      ,   0.0000000000000000      ,   0.0000000000000000      ,   0.0000000000000000      ,   0.0000000000000000      ,   0.0000000000000000      ,   0.0000000000000000      ,   0.0000000000000000      ,   0.0000000000000000      ,   0.0000000000000000     
   5.4371038992422098E-003 ,   0.0000000000000000      ,   0.0000000000000000      ,   4.3808544031992414E-018 ,   0.0000000000000000      ,   0.0000000000000000      ,  -5.9360792394965521E-020 ,   0.0000000000000000      ,   0.0000000000000000      ,   7.0286705109494270E-022 ,   0.0000000000000000      ,   0.0000000000000000      ,   0.0000000000000000      ,   0.0000000000000000      ,   0.0000000000000000      ,   0.0000000000000000      ,   0.0000000000000000      ,   0.0000000000000000      ,   0.0000000000000000      ,   0.0000000000000000      ,   0.0000000000000000      ,   0.0000000000000000     
   3.2796344445197418E-003 ,   0.0000000000000000      ,   0.0000000000000000      ,   9.9272261418204000E-019 ,   0.0000000000000000      ,   0.0000000000000000      ,  -4.5659901462418641E-021 ,   0.0000000000000000      ,   0.0000000000000000      ,   2.5404462050891376E-023 ,   0.0000000000000000      ,   0.0000000000000000      ,   0.0000000000000000      ,   0.0000000000000000      ,   0.0000000000000000      ,   0.0000000000000000      ,   0.0000000000000000      ,   0.0000000000000000      ,   0.0000000000000000      ,   0.0000000000000000      ,   0.0000000000000000      ,   0.0000000000000000     
   1.9231375306386948E-003 ,   0.0000000000000000      ,   0.0000000000000000      ,  -3.4558944247975454E-019 ,   0.0000000000000000      ,   0.0000000000000000      ,   2.8737447737905920E-022 ,   0.0000000000000000      ,   0.0000000000000000      ,   2.1931439814398191E-024 ,   0.0000000000000000      ,   0.0000000000000000      ,   0.0000000000000000      ,   0.0000000000000000      ,   0.0000000000000000      ,   0.0000000000000000      ,   0.0000000000000000      ,   0.0000000000000000      ,   0.0000000000000000      ,   0.0000000000000000      ,   0.0000000000000000      ,   0.0000000000000000     
   1.0968395263137643E-003 ,   0.0000000000000000      ,   0.0000000000000000      ,   5.2092526256139471E-020 ,   0.0000000000000000      ,   0.0000000000000000      ,  -7.5251679260524579E-023 ,   0.0000000000000000      ,   0.0000000000000000      ,  -2.4466842730749728E-027 ,   0.0000000000000000      ,   0.0000000000000000      ,   0.0000000000000000      ,   0.0000000000000000      ,   0.0000000000000000      ,   0.0000000000000000      ,   0.0000000000000000      ,   0.0000000000000000      ,   0.0000000000000000      ,   0.0000000000000000      ,   0.0000000000000000      ,   0.0000000000000000     
   6.0888134800103958E-004 ,   0.0000000000000000      ,   0.0000000000000000      ,  -1.9640576464459089E-020 ,   0.0000000000000000      ,   0.0000000000000000      ,   4.1511509942609526E-023 ,   0.0000000000000000      ,   0.0000000000000000      ,  -6.2184496299964194E-026 ,   0.0000000000000000      ,   0.0000000000000000      ,   0.0000000000000000      ,   0.0000000000000000      ,   0.0000000000000000      ,   0.0000000000000000      ,   0.0000000000000000      ,   0.0000000000000000      ,   0.0000000000000000      ,   0.0000000000000000      ,   0.0000000000000000      ,   0.0000000000000000     
   3.2927294948231425E-004 ,   0.0000000000000000      ,   0.0000000000000000      ,  -1.0654086289682996E-020 ,   0.0000000000000000      ,   0.0000000000000000      ,   6.6662851741934141E-024 ,   0.0000000000000000      ,   0.0000000000000000      ,  -3.3324286485185925E-027 ,   0.0000000000000000      ,   0.0000000000000000      ,   0.0000000000000000      ,   0.0000000000000000      ,   0.0000000000000000      ,   0.0000000000000000      ,   0.0000000000000000      ,   0.0000000000000000      ,   0.0000000000000000      ,   0.0000000000000000      ,   0.0000000000000000      ,   0.0000000000000000     
   1.7363111589648977E-004 ,   0.0000000000000000      ,   0.0000000000000000      ,   1.0521737391674512E-021 ,   0.0000000000000000      ,   0.0000000000000000      ,  -6.8539520772675395E-025 ,   0.0000000000000000      ,   0.0000000000000000      ,   3.0404063901237813E-028 ,   0.0000000000000000      ,   0.0000000000000000      ,   0.0000000000000000      ,   0.0000000000000000      ,   0.0000000000000000      ,   0.0000000000000000      ,   0.0000000000000000      ,   0.0000000000000000      ,   0.0000000000000000      ,   0.0000000000000000      ,   0.0000000000000000      ,   0.0000000000000000     
   8.9363383996239663E-005 ,   0.0000000000000000      ,   0.0000000000000000      ,  -7.3949946762240674E-022 ,   0.0000000000000000      ,   0.0000000000000000      ,   6.8601657175584075E-026 ,   0.0000000000000000      ,   0.0000000000000000      ,   1.6420124125146577E-030 ,   0.0000000000000000      ,   0.0000000000000000      ,   0.0000000000000000      ,   0.0000000000000000      ,   0.0000000000000000      ,   0.0000000000000000      ,   0.0000000000000000      ,   0.0000000000000000      ,   0.0000000000000000      ,   0.0000000000000000      ,   0.0000000000000000      ,   0.0000000000000000     
   4.4928199224700058E-005 ,   0.0000000000000000      ,   0.0000000000000000      ,  -3.0068015266302556E-022 ,   0.0000000000000000      ,   0.0000000000000000      ,   3.0151954779806174E-026 ,   0.0000000000000000      ,   0.0000000000000000      ,  -2.2516262049778086E-030 ,   0.0000000000000000      ,   0.0000000000000000      ,   0.0000000000000000      ,   0.0000000000000000      ,   0.0000000000000000      ,   0.0000000000000000      ,   0.0000000000000000      ,   0.0000000000000000      ,   0.0000000000000000      ,   0.0000000000000000      ,   0.0000000000000000      ,   0.0000000000000000     
   2.2079255374403918E-005 ,   0.0000000000000000      ,   0.0000000000000000      ,   1.2511106764864544E-023 ,   0.0000000000000000      ,   0.0000000000000000      ,   5.8650870013286508E-028 ,   0.0000000000000000      ,   0.0000000000000000      ,  -5.3870907921899525E-032 ,   0.0000000000000000      ,   0.0000000000000000      ,   0.0000000000000000      ,   0.0000000000000000      ,   0.0000000000000000      ,   0.0000000000000000      ,   0.0000000000000000      ,   0.0000000000000000      ,   0.0000000000000000      ,   0.0000000000000000      ,   0.0000000000000000      ,   0.0000000000000000     
   1.0609894554448519E-005 ,   0.0000000000000000      ,   0.0000000000000000      ,   1.1115239481181309E-024 ,   0.0000000000000000      ,   0.0000000000000000      ,  -1.1682934411690249E-028 ,   0.0000000000000000      ,   0.0000000000000000      ,   3.5183216918161133E-033 ,   0.0000000000000000      ,   0.0000000000000000      ,   0.0000000000000000      ,   0.0000000000000000      ,   0.0000000000000000      ,   0.0000000000000000      ,   0.0000000000000000      ,   0.0000000000000000      ,   0.0000000000000000      ,   0.0000000000000000      ,   0.0000000000000000      ,   0.0000000000000000     
   4.9854867447898897E-006 ,   0.0000000000000000      ,   0.0000000000000000      ,  -1.7351405818006870E-024 ,   0.0000000000000000      ,   0.0000000000000000      ,   2.0109060033449904E-029 ,   0.0000000000000000      ,   0.0000000000000000      ,  -2.3911221562718074E-034 ,   0.0000000000000000      ,   0.0000000000000000      ,   0.0000000000000000      ,   0.0000000000000000      ,   0.0000000000000000      ,   0.0000000000000000      ,   0.0000000000000000      ,   0.0000000000000000      ,   0.0000000000000000      ,   0.0000000000000000      ,   0.0000000000000000      ,   0.0000000000000000     
   2.2899545419019497E-006 ,   0.0000000000000000      ,   0.0000000000000000      ,   3.0373038117181485E-025 ,   0.0000000000000000      ,   0.0000000000000000      ,  -1.5473259132055976E-030 ,   0.0000000000000000      ,   0.0000000000000000      ,   1.0218079053984351E-035 ,   0.0000000000000000      ,   0.0000000000000000      ,   0.0000000000000000      ,   0.0000000000000000      ,   0.0000000000000000      ,   0.0000000000000000      ,   0.0000000000000000      ,   0.0000000000000000      ,   0.0000000000000000      ,   0.0000000000000000      ,   0.0000000000000000      ,   0.0000000000000000     
   1.0274720528526443E-006 ,   0.0000000000000000      ,   0.0000000000000000      ,  -1.1127356384685504E-025 ,   0.0000000000000000      ,   0.0000000000000000      ,   1.4365768197779489E-031 ,   0.0000000000000000      ,   0.0000000000000000      ,  -1.2638146466855145E-037 ,   0.0000000000000000      ,   0.0000000000000000      ,   0.0000000000000000      ,   0.0000000000000000      ,   0.0000000000000000      ,   0.0000000000000000      ,   0.0000000000000000      ,   0.0000000000000000      ,   0.0000000000000000      ,   0.0000000000000000      ,   0.0000000000000000      ,   0.0000000000000000     
   4.4988226205797353E-007 ,   0.0000000000000000      ,   0.0000000000000000      ,  -6.8914888680107591E-027 ,   0.0000000000000000      ,   0.0000000000000000      ,   6.7612556885034052E-033 ,   0.0000000000000000      ,   0.0000000000000000      ,  -3.5572297932198957E-039 ,   0.0000000000000000      ,   0.0000000000000000      ,   0.0000000000000000      ,   0.0000000000000000      ,   0.0000000000000000      ,   0.0000000000000000      ,   0.0000000000000000      ,   0.0000000000000000      ,   0.0000000000000000      ,   0.0000000000000000      ,   0.0000000000000000      ,   0.0000000000000000     
   1.9197835475933101E-007 ,   0.0000000000000000      ,   0.0000000000000000      ,  -3.3069049146864815E-027 ,   0.0000000000000000      ,   0.0000000000000000      ,   1.8594235115295939E-033 ,   0.0000000000000000      ,   0.0000000000000000      ,  -8.5265531466456944E-040 ,   0.0000000000000000      ,   0.0000000000000000      ,   0.0000000000000000      ,   0.0000000000000000      ,   0.0000000000000000      ,   0.0000000000000000      ,   0.0000000000000000      ,   0.0000000000000000      ,   0.0000000000000000      ,   0.0000000000000000      ,   0.0000000000000000      ,   0.0000000000000000     
   7.9718840057224596E-008 ,   0.0000000000000000      ,   0.0000000000000000      ,  -1.1044052673094165E-028 ,   0.0000000000000000      ,   0.0000000000000000      ,  -2.5403218925347708E-035 ,   0.0000000000000000      ,   0.0000000000000000      ,   5.4564677132433478E-042 ,   0.0000000000000000      ,   0.0000000000000000      ,   0.0000000000000000      ,   0.0000000000000000      ,   0.0000000000000000      ,   0.0000000000000000      ,   0.0000000000000000      ,   0.0000000000000000      ,   0.0000000000000000      ,   0.0000000000000000      ,   0.0000000000000000      ,   0.0000000000000000     
   3.2155668895150970E-008 ,   0.0000000000000000      ,   0.0000000000000000      ,  -4.2204058429324132E-029 ,   0.0000000000000000      ,   0.0000000000000000      ,   1.2501127446813663E-036 ,   0.0000000000000000      ,   0.0000000000000000      ,   6.8983148868582149E-044 ,   0.0000000000000000      ,   0.0000000000000000      ,   0.0000000000000000      ,   0.0000000000000000      ,   0.0000000000000000      ,   0.0000000000000000      ,   0.0000000000000000      ,   0.0000000000000000      ,   0.0000000000000000      ,   0.0000000000000000      ,   0.0000000000000000      ,   0.0000000000000000     
   1.2574158627697537E-008 ,   0.0000000000000000      ,   0.0000000000000000      ,   2.1545763473848885E-029 ,   0.0000000000000000      ,   0.0000000000000000      ,  -4.1198943779160859E-037 ,   0.0000000000000000      ,   0.0000000000000000      ,   7.7320192484176186E-045 ,   0.0000000000000000      ,   0.0000000000000000      ,   0.0000000000000000      ,   0.0000000000000000      ,   0.0000000000000000      ,   0.0000000000000000      ,   0.0000000000000000      ,   0.0000000000000000      ,   0.0000000000000000      ,   0.0000000000000000      ,   0.0000000000000000      ,   0.0000000000000000     
   4.7562068803369477E-009 ,   0.0000000000000000      ,   0.0000000000000000      ,  -1.5962107379081411E-030 ,   0.0000000000000000      ,   0.0000000000000000      ,  -3.6269796631032249E-039 ,   0.0000000000000000      ,   0.0000000000000000      ,   1.5274354349785500E-046 ,   0.0000000000000000      ,   0.0000000000000000      ,   0.0000000000000000      ,   0.0000000000000000      ,   0.0000000000000000      ,   0.0000000000000000      ,   0.0000000000000000      ,   0.0000000000000000      ,   0.0000000000000000      ,   0.0000000000000000      ,   0.0000000000000000      ,   0.0000000000000000     
   1.7358923096286981E-009 ,   0.0000000000000000      ,   0.0000000000000000      ,   4.8648990395221578E-031 ,   0.0000000000000000      ,   0.0000000000000000      ,  -1.2513726268047605E-039 ,   0.0000000000000000      ,   0.0000000000000000      ,   1.9085523637513168E-048 ,   0.0000000000000000      ,   0.0000000000000000      ,   0.0000000000000000      ,   0.0000000000000000      ,   0.0000000000000000      ,   0.0000000000000000      ,   0.0000000000000000      ,   0.0000000000000000      ,   0.0000000000000000      ,   0.0000000000000000      ,   0.0000000000000000      ,   0.0000000000000000     
   6.0959925579142101E-010 ,   0.0000000000000000      ,   0.0000000000000000      ,  -2.6481536735324493E-033 ,   0.0000000000000000      ,   0.0000000000000000      ,   1.0268765179685789E-041 ,   0.0000000000000000      ,   0.0000000000000000      ,  -7.2535498472329894E-051 ,   0.0000000000000000      ,   0.0000000000000000      ,   0.0000000000000000      ,   0.0000000000000000      ,   0.0000000000000000      ,   0.0000000000000000      ,   0.0000000000000000      ,   0.0000000000000000      ,   0.0000000000000000      ,   0.0000000000000000      ,   0.0000000000000000      ,   0.0000000000000000     
   2.0531760462060728E-010 ,   0.0000000000000000      ,   0.0000000000000000      ,   4.3333423748712807E-033 ,   0.0000000000000000      ,   0.0000000000000000      ,  -2.1030098496414088E-042 ,   0.0000000000000000      ,   0.0000000000000000      ,   7.6878312872320871E-052 ,   0.0000000000000000      ,   0.0000000000000000      ,   0.0000000000000000      ,   0.0000000000000000      ,   0.0000000000000000      ,   0.0000000000000000      ,   0.0000000000000000      ,   0.0000000000000000      ,   0.0000000000000000      ,   0.0000000000000000      ,   0.0000000000000000      ,   0.0000000000000000     
   6.6074267550909266E-011 ,   0.0000000000000000      ,   0.0000000000000000      ,   3.8292903972386838E-034 ,   0.0000000000000000      ,   0.0000000000000000      ,  -7.4197434967787053E-044 ,   0.0000000000000000      ,   0.0000000000000000      ,   9.3117553347122177E-054 ,   0.0000000000000000      ,   0.0000000000000000      ,   0.0000000000000000      ,   0.0000000000000000      ,   0.0000000000000000      ,   0.0000000000000000      ,   0.0000000000000000      ,   0.0000000000000000      ,   0.0000000000000000      ,   0.0000000000000000      ,   0.0000000000000000      ,   0.0000000000000000     
   2.0225704544278050E-011 ,   0.0000000000000000      ,   0.0000000000000000      ,  -3.0939011313642607E-035 ,   0.0000000000000000      ,   0.0000000000000000      ,   1.9169751155808827E-045 ,   0.0000000000000000      ,   0.0000000000000000      ,  -8.9086578089913822E-056 ,   0.0000000000000000      ,   0.0000000000000000      ,   0.0000000000000000      ,   0.0000000000000000      ,   0.0000000000000000      ,   0.0000000000000000      ,   0.0000000000000000      ,   0.0000000000000000      ,   0.0000000000000000      ,   0.0000000000000000      ,   0.0000000000000000      ,   0.0000000000000000     
   5.8561517188096328E-012 ,   0.0000000000000000      ,   0.0000000000000000      ,   1.0050476699530558E-036 ,   0.0000000000000000      ,   0.0000000000000000      ,  -2.1334859160730474E-047 ,   0.0000000000000000      ,   0.0000000000000000      ,   2.8222026520653327E-058 ,   0.0000000000000000      ,   0.0000000000000000      ,   0.0000000000000000      ,   0.0000000000000000      ,   0.0000000000000000      ,   0.0000000000000000      ,   0.0000000000000000      ,   0.0000000000000000      ,   0.0000000000000000      ,   0.0000000000000000      ,   0.0000000000000000      ,   0.0000000000000000     
   1.5922522994177100E-012 ,   0.0000000000000000      ,   0.0000000000000000      ,   1.3885527019088271E-037 ,   0.0000000000000000      ,   0.0000000000000000      ,  -1.3473864832236955E-049 ,   0.0000000000000000      ,   0.0000000000000000      ,   2.7738542998038211E-061 ,   0.0000000000000000      ,   0.0000000000000000      ,   0.0000000000000000      ,   0.0000000000000000      ,   0.0000000000000000      ,   0.0000000000000000      ,   0.0000000000000000      ,   0.0000000000000000      ,   0.0000000000000000      ,   0.0000000000000000      ,   0.0000000000000000      ,   0.0000000000000000     
   4.0252173340321780E-013 ,   0.0000000000000000      ,   0.0000000000000000      ,  -8.6095777648116761E-039 ,   0.0000000000000000      ,   0.0000000000000000      ,   4.6961205140418807E-051 ,   0.0000000000000000      ,   0.0000000000000000      ,  -3.7837200808388511E-064 ,   0.0000000000000000      ,   0.0000000000000000      ,   0.0000000000000000      ,   0.0000000000000000      ,   0.0000000000000000      ,   0.0000000000000000      ,   0.0000000000000000      ,   0.0000000000000000      ,   0.0000000000000000      ,   0.0000000000000000      ,   0.0000000000000000      ,   0.0000000000000000     
   9.3222280370131213E-014 ,   0.0000000000000000      ,   0.0000000000000000      ,  -1.8223606268851381E-040 ,   0.0000000000000000      ,   0.0000000000000000      ,  -4.6424785196385653E-053 ,   0.0000000000000000      ,   0.0000000000000000      ,   1.3358370685876955E-065 ,   0.0000000000000000      ,   0.0000000000000000      ,   0.0000000000000000      ,   0.0000000000000000      ,   0.0000000000000000      ,   0.0000000000000000      ,   0.0000000000000000      ,   0.0000000000000000      ,   0.0000000000000000      ,   0.0000000000000000      ,   0.0000000000000000      ,   0.0000000000000000     
   1.9291605220184240E-014 ,   0.0000000000000000      ,   0.0000000000000000      ,  -1.6456849165030652E-041 ,   0.0000000000000000      ,   0.0000000000000000      ,   5.3695874135632641E-055 ,   0.0000000000000000      ,   0.0000000000000000      ,  -1.2257650425980431E-068 ,   0.0000000000000000      ,   0.0000000000000000      ,   0.0000000000000000      ,   0.0000000000000000      ,   0.0000000000000000      ,   0.0000000000000000      ,   0.0000000000000000      ,   0.0000000000000000      ,   0.0000000000000000      ,   0.0000000000000000      ,   0.0000000000000000      ,   0.0000000000000000     
   3.3939085082329506E-015 ,   0.0000000000000000      ,   0.0000000000000000      ,   1.2163270670339412E-042 ,   0.0000000000000000      ,   0.0000000000000000      ,  -5.8526315091585173E-057 ,   0.0000000000000000      ,   0.0000000000000000      ,   3.2621632665690985E-071 ,   0.0000000000000000      ,   0.0000000000000000      ,   0.0000000000000000      ,   0.0000000000000000      ,   0.0000000000000000      ,   0.0000000000000000      ,   0.0000000000000000      ,   0.0000000000000000      ,   0.0000000000000000      ,   0.0000000000000000      ,   0.0000000000000000      ,   0.0000000000000000     
   4.4216079306996958E-016 ,   0.0000000000000000      ,   0.0000000000000000      ,   3.1485424870298234E-044 ,   0.0000000000000000      ,   0.0000000000000000      ,  -3.1817760309181865E-059 ,   0.0000000000000000      ,   0.0000000000000000      ,   3.1716325684523425E-074 ,   0.0000000000000000      ,   0.0000000000000000      ,   0.0000000000000000      ,   0.0000000000000000      ,   0.0000000000000000      ,   0.0000000000000000      ,   0.0000000000000000      ,   0.0000000000000000      ,   0.0000000000000000      ,   0.0000000000000000      ,   0.0000000000000000      ,   0.0000000000000000     
   1.4140543072679116E-017 ,   0.0000000000000000      ,   0.0000000000000000      ,   8.7239040137409266E-048 ,   0.0000000000000000      ,   0.0000000000000000      ,   3.4666353758346015E-065 ,   0.0000000000000000      ,   0.0000000000000000      ,  -3.8368873530771266E-081 ,   0.0000000000000000      ,   0.0000000000000000      ,   0.0000000000000000      ,   0.0000000000000000      ,   0.0000000000000000      ,   0.0000000000000000      ,   0.0000000000000000      ,   0.0000000000000000      ,   0.0000000000000000      ,   0.0000000000000000      ,   0.0000000000000000      ,   0.0000000000000000     
  -1.5383449687811891E-017 ,   0.0000000000000000      ,   0.0000000000000000      ,  -1.4539840022901544E-048 ,   0.0000000000000000      ,   0.0000000000000000      ,   3.1414646123916039E-065 ,   0.0000000000000000      ,   0.0000000000000000      ,  -2.2371427811606378E-081 ,   0.0000000000000000      ,   0.0000000000000000      ,   0.0000000000000000      ,   0.0000000000000000      ,   0.0000000000000000      ,   0.0000000000000000      ,   0.0000000000000000      ,   0.0000000000000000      ,   0.0000000000000000      ,   0.0000000000000000      ,   0.0000000000000000      ,   0.0000000000000000     
  -6.9394031913280162E-018 ,   0.0000000000000000      ,   0.0000000000000000      ,  -1.7854068263415867E-048 ,   0.0000000000000000      ,   0.0000000000000000      ,  -3.8133367084779627E-065 ,   0.0000000000000000      ,   0.0000000000000000      ,  -5.7969266517224925E-082 ,   0.0000000000000000      ,   0.0000000000000000      ,   0.0000000000000000      ,   0.0000000000000000      ,   0.0000000000000000      ,   0.0000000000000000      ,   0.0000000000000000      ,   0.0000000000000000      ,   0.0000000000000000      ,   0.0000000000000000      ,   0.0000000000000000      ,   0.0000000000000000     
  -2.1229827214371806E-018 ,   0.0000000000000000      ,   0.0000000000000000      ,   1.3363823550460978E-051 ,   0.0000000000000000      ,   0.0000000000000000      ,   2.3106371898823446E-067 ,   0.0000000000000000      ,   0.0000000000000000      ,   2.7906670479609833E-084 ,   0.0000000000000000      ,   0.0000000000000000      ,   0.0000000000000000      ,   0.0000000000000000      ,   0.0000000000000000      ,   0.0000000000000000      ,   0.0000000000000000      ,   0.0000000000000000      ,   0.0000000000000000      ,   0.0000000000000000      ,   0.0000000000000000      ,   0.0000000000000000     
  -3.9493843785878917E-019 ,   0.0000000000000000      ,   0.0000000000000000      ,   2.2342642498426948E-051 ,   0.0000000000000000      ,   0.0000000000000000      ,   3.1090301308100024E-069 ,   0.0000000000000000      ,   0.0000000000000000      ,   4.6624393208282449E-087 ,   0.0000000000000000      ,   0.0000000000000000      ,   0.0000000000000000      ,   0.0000000000000000      ,   0.0000000000000000      ,   0.0000000000000000      ,   0.0000000000000000      ,   0.0000000000000000      ,   0.0000000000000000      ,   0.0000000000000000      ,   0.0000000000000000      ,   0.0000000000000000     
  -1.5463053797987966E-020 ,   0.0000000000000000      ,   0.0000000000000000      ,  -1.3417657312321966E-053 ,   0.0000000000000000      ,   0.0000000000000000      ,  -4.0411152951741605E-073 ,   0.0000000000000000      ,   0.0000000000000000      ,  -6.1127798582154998E-093 ,   0.0000000000000000      ,   0.0000000000000000      ,   0.0000000000000000      ,   0.0000000000000000      ,   0.0000000000000000      ,   0.0000000000000000      ,   0.0000000000000000      ,   0.0000000000000000      ,   0.0000000000000000      ,   0.0000000000000000      ,   0.0000000000000000      ,   0.0000000000000000     
  -1.8753712829835644E-020 ,   0.0000000000000000      ,   0.0000000000000000      ,  -9.0538599493479528E-054 ,   0.0000000000000000      ,   0.0000000000000000      ,  -3.7230720116840641E-073 ,   0.0000000000000000      ,   0.0000000000000000      ,   2.3231157782921595E-093 ,   0.0000000000000000      ,   0.0000000000000000      ,   0.0000000000000000      ,   0.0000000000000000      ,   0.0000000000000000      ,   0.0000000000000000      ,   0.0000000000000000      ,   0.0000000000000000      ,   0.0000000000000000      ,   0.0000000000000000      ,   0.0000000000000000      ,   0.0000000000000000     
  -1.2928051512942527E-020 ,   0.0000000000000000      ,   0.0000000000000000      ,  -4.2006647512740502E-054 ,   0.0000000000000000      ,   0.0000000000000000      ,  -1.8806775371165351E-073 ,   0.0000000000000000      ,   0.0000000000000000      ,  -4.9174327808027034E-093 ,   0.0000000000000000      ,   0.0000000000000000      ,   0.0000000000000000      ,   0.0000000000000000      ,   0.0000000000000000      ,   0.0000000000000000      ,   0.0000000000000000      ,   0.0000000000000000      ,   0.0000000000000000      ,   0.0000000000000000      ,   0.0000000000000000      ,   0.0000000000000000     
   5.5058752013660269E-021 ,   0.0000000000000000      ,   0.0000000000000000      ,  -4.4555594570552425E-054 ,   0.0000000000000000      ,   0.0000000000000000      ,   3.2003475207102178E-074 ,   0.0000000000000000      ,   0.0000000000000000      ,  -1.3095759319023097E-094 ,   0.0000000000000000      ,   0.0000000000000000      ,   0.0000000000000000      ,   0.0000000000000000      ,   0.0000000000000000      ,   0.0000000000000000      ,   0.0000000000000000      ,   0.0000000000000000      ,   0.0000000000000000      ,   0.0000000000000000      ,   0.0000000000000000      ,   0.0000000000000000     
   2.6861891427261122E-021 ,   0.0000000000000000      ,   0.0000000000000000      ,   9.0360173199432693E-055 ,   0.0000000000000000      ,   0.0000000000000000      ,  -2.6872938141847690E-075 ,   0.0000000000000000      ,   0.0000000000000000      ,   6.4179220402148916E-096 ,   0.0000000000000000      ,   0.0000000000000000      ,   0.0000000000000000      ,   0.0000000000000000      ,   0.0000000000000000      ,   0.0000000000000000      ,   0.0000000000000000      ,   0.0000000000000000      ,   0.0000000000000000      ,   0.0000000000000000      ,   0.0000000000000000      ,   0.0000000000000000     
  -2.3935745897284392E-021 ,   0.0000000000000000      ,   0.0000000000000000      ,   1.0195788231247695E-056 ,   0.0000000000000000      ,   0.0000000000000000      ,  -8.8304623756969803E-078 ,   0.0000000000000000      ,   0.0000000000000000      ,  -1.1336215927834000E-096 ,   0.0000000000000000      ,   0.0000000000000000      ,   0.0000000000000000      ,   0.0000000000000000      ,   0.0000000000000000      ,   0.0000000000000000      ,   0.0000000000000000      ,   0.0000000000000000      ,   0.0000000000000000      ,   0.0000000000000000      ,   0.0000000000000000      ,   0.0000000000000000     
   3.0012223403464189E-022 ,   0.0000000000000000      ,   0.0000000000000000      ,  -8.3438188845562188E-057 ,   0.0000000000000000      ,   0.0000000000000000      ,   3.9618844247602984E-078 ,   0.0000000000000000      ,   0.0000000000000000      ,  -1.9756322667128847E-099 ,   0.0000000000000000      ,   0.0000000000000000      ,   0.0000000000000000      ,   0.0000000000000000      ,   0.0000000000000000      ,   0.0000000000000000      ,   0.0000000000000000      ,   0.0000000000000000      ,   0.0000000000000000      ,   0.0000000000000000      ,   0.0000000000000000      ,   0.0000000000000000     
   4.5704612905445154E-022 ,   0.0000000000000000      ,   0.0000000000000000      ,  -2.5808088960345727E-056 ,   0.0000000000000000      ,   0.0000000000000000      ,   2.0576781802206578E-077 ,   0.0000000000000000      ,   0.0000000000000000      ,  -1.4629872676302630E-098 ,   0.0000000000000000      ,   0.0000000000000000      ,   0.0000000000000000      ,   0.0000000000000000      ,   0.0000000000000000      ,   0.0000000000000000      ,   0.0000000000000000      ,   0.0000000000000000      ,   0.0000000000000000      ,   0.0000000000000000      ,   0.0000000000000000      ,   0.0000000000000000     
  -2.9468002013231257E-022 ,   0.0000000000000000      ,   0.0000000000000000      ,  -3.6840250444937959E-058 ,   0.0000000000000000      ,   0.0000000000000000      ,   1.2935990317963957E-078 ,   0.0000000000000000      ,   0.0000000000000000      ,   1.3925913683498246E-099 ,   0.0000000000000000      ,   0.0000000000000000      ,   0.0000000000000000      ,   0.0000000000000000      ,   0.0000000000000000      ,   0.0000000000000000      ,   0.0000000000000000      ,   0.0000000000000000      ,   0.0000000000000000      ,   0.0000000000000000      ,   0.0000000000000000      ,   0.0000000000000000     
   6.0068599753221229E-023 ,   0.0000000000000000      ,   0.0000000000000000      ,   4.1009670681104924E-058 ,   0.0000000000000000      ,   0.0000000000000000      ,  -3.2622511003179066E-080 ,   0.0000000000000000      ,   0.0000000000000000      ,   1.9196687702190696E-102 ,   0.0000000000000000      ,   0.0000000000000000      ,   0.0000000000000000      ,   0.0000000000000000      ,   0.0000000000000000      ,   0.0000000000000000      ,   0.0000000000000000      ,   0.0000000000000000      ,   0.0000000000000000      ,   0.0000000000000000      ,   0.0000000000000000      ,   0.0000000000000000     
   2.2233271912346653E-023 ,   0.0000000000000000      ,   0.0000000000000000      ,   4.3172168490161671E-059 ,   0.0000000000000000      ,   0.0000000000000000      ,  -7.8554925586663159E-082 ,   0.0000000000000000      ,   0.0000000000000000      ,   9.1808735453975981E-105 ,   0.0000000000000000      ,   0.0000000000000000      ,   0.0000000000000000      ,   0.0000000000000000      ,   0.0000000000000000      ,   0.0000000000000000      ,   0.0000000000000000      ,   0.0000000000000000      ,   0.0000000000000000      ,   0.0000000000000000      ,   0.0000000000000000      ,   0.0000000000000000     
  -2.2044783484300426E-023 ,   0.0000000000000000      ,   0.0000000000000000      ,  -1.7035504323144875E-059 ,   0.0000000000000000      ,   0.0000000000000000      ,  -1.5096102977051994E-081 ,   0.0000000000000000      ,   0.0000000000000000      ,  -5.3303868114528332E-104 ,   0.0000000000000000      ,   0.0000000000000000      ,   0.0000000000000000      ,   0.0000000000000000      ,   0.0000000000000000      ,   0.0000000000000000      ,   0.0000000000000000      ,   0.0000000000000000      ,   0.0000000000000000      ,   0.0000000000000000      ,   0.0000000000000000      ,   0.0000000000000000     
   8.6392790920609330E-024 ,   0.0000000000000000      ,   0.0000000000000000      ,  -1.0063782519666065E-059 ,   0.0000000000000000      ,   0.0000000000000000      ,   1.6869019687612029E-082 ,   0.0000000000000000      ,   0.0000000000000000      ,  -2.1972398506009204E-105 ,   0.0000000000000000      ,   0.0000000000000000      ,   0.0000000000000000      ,   0.0000000000000000      ,   0.0000000000000000      ,   0.0000000000000000      ,   0.0000000000000000      ,   0.0000000000000000      ,   0.0000000000000000      ,   0.0000000000000000      ,   0.0000000000000000      ,   0.0000000000000000     
  -1.6782199134101434E-024 ,   0.0000000000000000      ,   0.0000000000000000      ,  -1.4038247355331286E-061 ,   0.0000000000000000      ,   0.0000000000000000      ,   1.2070386477649301E-086 ,   0.0000000000000000      ,   0.0000000000000000      ,   3.5258043343787505E-109 ,   0.0000000000000000      ,   0.0000000000000000      ,   0.0000000000000000      ,   0.0000000000000000      ,   0.0000000000000000      ,   0.0000000000000000      ,   0.0000000000000000      ,   0.0000000000000000      ,   0.0000000000000000      ,   0.0000000000000000      ,   0.0000000000000000      ,   0.0000000000000000     
  -1.7008885375780777E-025 ,   0.0000000000000000      ,   0.0000000000000000      ,  -1.3768573231351708E-063 ,   0.0000000000000000      ,   0.0000000000000000      ,  -3.6891177745942485E-089 ,   0.0000000000000000      ,   0.0000000000000000      ,   1.3248040981800851E-112 ,   0.0000000000000000      ,   0.0000000000000000      ,   0.0000000000000000      ,   0.0000000000000000      ,   0.0000000000000000      ,   0.0000000000000000      ,   0.0000000000000000      ,   0.0000000000000000      ,   0.0000000000000000      ,   0.0000000000000000      ,   0.0000000000000000      ,   0.0000000000000000     
   2.8392669853155262E-025 ,   0.0000000000000000      ,   0.0000000000000000      ,   1.1774504004742150E-062 ,   0.0000000000000000      ,   0.0000000000000000      ,  -7.0288502207489789E-087 ,   0.0000000000000000      ,   0.0000000000000000      ,   4.2423719271236868E-111 ,   0.0000000000000000      ,   0.0000000000000000      ,   0.0000000000000000      ,   0.0000000000000000      ,   0.0000000000000000      ,   0.0000000000000000      ,   0.0000000000000000      ,   0.0000000000000000      ,   0.0000000000000000      ,   0.0000000000000000      ,   0.0000000000000000      ,   0.0000000000000000     
  -1.3422320682415053E-025 ,   0.0000000000000000      ,   0.0000000000000000      ,  -4.9376952277950953E-064 ,   0.0000000000000000      ,   0.0000000000000000      ,  -6.5789553428920257E-089 ,   0.0000000000000000      ,   0.0000000000000000      ,   2.1706819871354052E-113 ,   0.0000000000000000      ,   0.0000000000000000      ,   0.0000000000000000      ,   0.0000000000000000      ,   0.0000000000000000      ,   0.0000000000000000      ,   0.0000000000000000      ,   0.0000000000000000      ,   0.0000000000000000      ,   0.0000000000000000      ,   0.0000000000000000      ,   0.0000000000000000     
   4.3724468037527943E-026 ,   0.0000000000000000      ,   0.0000000000000000      ,  -2.8071272148402405E-064 ,   0.0000000000000000      ,   0.0000000000000000      ,   2.0913512243786636E-089 ,   0.0000000000000000      ,   0.0000000000000000      ,  -1.5305814875785745E-114 ,   0.0000000000000000      ,   0.0000000000000000      ,   0.0000000000000000      ,   0.0000000000000000      ,   0.0000000000000000      ,   0.0000000000000000      ,   0.0000000000000000      ,   0.0000000000000000      ,   0.0000000000000000      ,   0.0000000000000000      ,   0.0000000000000000      ,   0.0000000000000000     
  -1.0904068507475703E-026 ,   0.0000000000000000      ,   0.0000000000000000      ,  -2.5741890685770704E-065 ,   0.0000000000000000      ,   0.0000000000000000      ,  -5.3909090633743938E-091 ,   0.0000000000000000      ,   0.0000000000000000      ,  -8.8760535812699962E-117 ,   0.0000000000000000      ,   0.0000000000000000      ,   0.0000000000000000      ,   0.0000000000000000      ,   0.0000000000000000      ,   0.0000000000000000      ,   0.0000000000000000      ,   0.0000000000000000      ,   0.0000000000000000      ,   0.0000000000000000      ,   0.0000000000000000      ,   0.0000000000000000     
   1.9915996336531579E-027 ,   0.0000000000000000      ,   0.0000000000000000      ,  -2.0052895752153872E-067 ,   0.0000000000000000      ,   0.0000000000000000      ,  -3.3185163770317202E-094 ,   0.0000000000000000      ,   0.0000000000000000      ,   4.3028130391701988E-120 ,   0.0000000000000000      ,   0.0000000000000000      ,   0.0000000000000000      ,   0.0000000000000000      ,   0.0000000000000000      ,   0.0000000000000000      ,   0.0000000000000000      ,   0.0000000000000000      ,   0.0000000000000000      ,   0.0000000000000000      ,   0.0000000000000000      ,   0.0000000000000000     
  -1.5623255084762685E-028 ,   0.0000000000000000      ,   0.0000000000000000      ,   1.8428306925412360E-069 ,   0.0000000000000000      ,   0.0000000000000000      ,   4.1750814207144801E-097 ,   0.0000000000000000      ,   0.0000000000000000      ,   5.3904419122661479E-125 ,   0.0000000000000000      ,   0.0000000000000000      ,   0.0000000000000000      ,   0.0000000000000000      ,   0.0000000000000000      ,   0.0000000000000000      ,   0.0000000000000000      ,   0.0000000000000000      ,   0.0000000000000000      ,   0.0000000000000000      ,   0.0000000000000000      ,   0.0000000000000000     
  -7.4599392268254364E-029 ,   0.0000000000000000      ,   0.0000000000000000      ,   1.1998774779445394E-070 ,   0.0000000000000000      ,   0.0000000000000000      ,  -6.4650432605697912E-099 ,   0.0000000000000000      ,   0.0000000000000000      ,  -4.3082815205724444E-126 ,   0.0000000000000000      ,   0.0000000000000000      ,   0.0000000000000000      ,   0.0000000000000000      ,   0.0000000000000000      ,   0.0000000000000000      ,   0.0000000000000000      ,   0.0000000000000000      ,   0.0000000000000000      ,   0.0000000000000000      ,   0.0000000000000000      ,   0.0000000000000000     
   5.1524643377192643E-029 ,   0.0000000000000000      ,   0.0000000000000000      ,   3.9109214021682864E-070 ,   0.0000000000000000      ,   0.0000000000000000      ,  -3.4249663211739198E-098 ,   0.0000000000000000      ,   0.0000000000000000      ,   2.4262211233602653E-126 ,   0.0000000000000000      ,   0.0000000000000000      ,   0.0000000000000000      ,   0.0000000000000000      ,   0.0000000000000000      ,   0.0000000000000000      ,   0.0000000000000000      ,   0.0000000000000000      ,   0.0000000000000000      ,   0.0000000000000000      ,   0.0000000000000000      ,   0.0000000000000000     
  -2.1869967907111739E-029 ,   0.0000000000000000      ,   0.0000000000000000      ,   7.2162442659400364E-072 ,   0.0000000000000000      ,   0.0000000000000000      ,  -5.5165972503832723E-100 ,   0.0000000000000000      ,   0.0000000000000000      ,  -2.6905755843844458E-128 ,   0.0000000000000000      ,   0.0000000000000000      ,   0.0000000000000000      ,   0.0000000000000000      ,   0.0000000000000000      ,   0.0000000000000000      ,   0.0000000000000000      ,   0.0000000000000000      ,   0.0000000000000000      ,   0.0000000000000000      ,   0.0000000000000000      ,   0.0000000000000000     
   7.9681450883306114E-030 ,   0.0000000000000000      ,   0.0000000000000000      ,   5.3060619602500268E-073 ,   0.0000000000000000      ,   0.0000000000000000      ,   1.6225702905263358E-101 ,   0.0000000000000000      ,   0.0000000000000000      ,  -2.7832124881228840E-130 ,   0.0000000000000000      ,   0.0000000000000000      ,   0.0000000000000000      ,   0.0000000000000000      ,   0.0000000000000000      ,   0.0000000000000000      ,   0.0000000000000000      ,   0.0000000000000000      ,   0.0000000000000000      ,   0.0000000000000000      ,   0.0000000000000000      ,   0.0000000000000000     
  -2.9079186284439556E-030 ,   0.0000000000000000      ,   0.0000000000000000      ,  -2.9293883738880356E-073 ,   0.0000000000000000      ,   0.0000000000000000      ,   2.6382848169788846E-102 ,   0.0000000000000000      ,   0.0000000000000000      ,   2.6068573120865994E-131 ,   0.0000000000000000      ,   0.0000000000000000      ,   0.0000000000000000      ,   0.0000000000000000      ,   0.0000000000000000      ,   0.0000000000000000      ,   0.0000000000000000      ,   0.0000000000000000      ,   0.0000000000000000      ,   0.0000000000000000      ,   0.0000000000000000      ,   0.0000000000000000     
   1.7003328933055421E-030 ,   0.0000000000000000      ,   0.0000000000000000      ,   1.5807642923244871E-073 ,   0.0000000000000000      ,   0.0000000000000000      ,  -5.7438763022849884E-103 ,   0.0000000000000000      ,   0.0000000000000000      ,   2.4288613596658498E-132 ,   0.0000000000000000      ,   0.0000000000000000      ,   0.0000000000000000      ,   0.0000000000000000      ,   0.0000000000000000      ,   0.0000000000000000      ,   0.0000000000000000      ,   0.0000000000000000      ,   0.0000000000000000      ,   0.0000000000000000      ,   0.0000000000000000      ,   0.0000000000000000     
