 mean[omega_x],mean[omega_y],mean[omega_z],dU/dy
   0.0000000000000000      ,   0.0000000000000000      ,   9.6267167281184236E-003 ,  -9.6267167281184236E-003
   0.0000000000000000      ,   0.0000000000000000      ,   1.0398124371148213E-002 ,  -1.0398124371148213E-002
   0.0000000000000000      ,   0.0000000000000000      ,   1.2940329812320286E-002 ,  -1.2940329812320286E-002
   0.0000000000000000      ,   0.0000000000000000      ,   1.7525373172431604E-002 ,  -1.7525373172431604E-002
   0.0000000000000000      ,   0.0000000000000000      ,   2.4846669655688561E-002 ,  -2.4846669655688561E-002
   0.0000000000000000      ,   0.0000000000000000      ,   3.5840394615731790E-002 ,  -3.5840394615731790E-002
   0.0000000000000000      ,   0.0000000000000000      ,   5.1839093060405038E-002 ,  -5.1839093060405038E-002
   0.0000000000000000      ,   0.0000000000000000      ,   7.4573910284167808E-002 ,  -7.4573910284167808E-002
   0.0000000000000000      ,   0.0000000000000000      ,  0.10619639810843488      , -0.10619639810843488     
   0.0000000000000000      ,   0.0000000000000000      ,  0.14921916101252017      , -0.14921916101252017     
   0.0000000000000000      ,   0.0000000000000000      ,  0.20636288152147927      , -0.20636288152147927     
   0.0000000000000000      ,   0.0000000000000000      ,  0.28026363077729260      , -0.28026363077729260     
   0.0000000000000000      ,   0.0000000000000000      ,  0.37302283177788104      , -0.37302283177788104     
   0.0000000000000000      ,   0.0000000000000000      ,  0.48560851684675665      , -0.48560851684675665     
   0.0000000000000000      ,   0.0000000000000000      ,  0.61716808069846685      , -0.61716808069846685     
   0.0000000000000000      ,   0.0000000000000000      ,  0.76437244060687104      , -0.76437244060687104     
   0.0000000000000000      ,   0.0000000000000000      ,  0.92096666609728417      , -0.92096666609728417     
   0.0000000000000000      ,   0.0000000000000000      ,   1.0777270586597274      ,  -1.0777270586597274     
   0.0000000000000000      ,   0.0000000000000000      ,   1.2229947771575045      ,  -1.2229947771575045     
   0.0000000000000000      ,   0.0000000000000000      ,   1.3438565585867912      ,  -1.3438565585867912     
   0.0000000000000000      ,   0.0000000000000000      ,   1.4278819772657212      ,  -1.4278819772657212     
   0.0000000000000000      ,   0.0000000000000000      ,   1.4651412428675943      ,  -1.4651412428675943     
   0.0000000000000000      ,   0.0000000000000000      ,   1.4500788637574200      ,  -1.4500788637574200     
   0.0000000000000000      ,   0.0000000000000000      ,   1.3827719824728251      ,  -1.3827719824728251     
   0.0000000000000000      ,   0.0000000000000000      ,   1.2691990337104360      ,  -1.2691990337104360     
   0.0000000000000000      ,   0.0000000000000000      ,   1.1203765468440030      ,  -1.1203765468440030     
   0.0000000000000000      ,   0.0000000000000000      ,  0.95052492919416809      , -0.95052492919416809     
   0.0000000000000000      ,   0.0000000000000000      ,  0.77469588594320860      , -0.77469588594320860     
   0.0000000000000000      ,   0.0000000000000000      ,  0.60643551977472843      , -0.60643551977472843     
   0.0000000000000000      ,   0.0000000000000000      ,  0.45601571247190864      , -0.45601571247190864     
   0.0000000000000000      ,   0.0000000000000000      ,  0.32956170681295449      , -0.32956170681295449     
   0.0000000000000000      ,   0.0000000000000000      ,  0.22911913901528969      , -0.22911913901528969     
   0.0000000000000000      ,   0.0000000000000000      ,  0.15344743107193193      , -0.15344743107193193     
   0.0000000000000000      ,   0.0000000000000000      ,   9.9182996682305929E-002 ,  -9.9182996682305929E-002
   0.0000000000000000      ,   0.0000000000000000      ,   6.2012539956461783E-002 ,  -6.2012539956461783E-002
   0.0000000000000000      ,   0.0000000000000000      ,   3.7601787133323794E-002 ,  -3.7601787133323794E-002
   0.0000000000000000      ,   0.0000000000000000      ,   2.2172722801621410E-002 ,  -2.2172722801621410E-002
   0.0000000000000000      ,   0.0000000000000000      ,   1.2749761798267910E-002 ,  -1.2749761798267910E-002
   0.0000000000000000      ,   0.0000000000000000      ,   7.1674660222400977E-003 ,  -7.1674660222400977E-003
   0.0000000000000000      ,   0.0000000000000000      ,   3.9478912006995709E-003 ,  -3.9478912006995709E-003
   0.0000000000000000      ,   0.0000000000000000      ,   2.1342830104705253E-003 ,  -2.1342830104705253E-003
   0.0000000000000000      ,   0.0000000000000000      ,   1.1338254943498148E-003 ,  -1.1338254943498148E-003
   0.0000000000000000      ,   0.0000000000000000      ,   5.9229274959271777E-004 ,  -5.9229274959271777E-004
   0.0000000000000000      ,   0.0000000000000000      ,   3.0430072937817398E-004 ,  -3.0430072937817398E-004
   0.0000000000000000      ,   0.0000000000000000      ,   1.5372850506475169E-004 ,  -1.5372850506475169E-004
   0.0000000000000000      ,   0.0000000000000000      ,   7.6324603141437059E-005 ,  -7.6324603141437059E-005
   0.0000000000000000      ,   0.0000000000000000      ,   3.7213920603824642E-005 ,  -3.7213920603824642E-005
   0.0000000000000000      ,   0.0000000000000000      ,   1.7802230282610645E-005 ,  -1.7802230282610645E-005
   0.0000000000000000      ,   0.0000000000000000      ,   8.3466782709903960E-006 ,  -8.3466782709903960E-006
   0.0000000000000000      ,   0.0000000000000000      ,   3.8310469924015881E-006 ,  -3.8310469924015881E-006
   0.0000000000000000      ,   0.0000000000000000      ,   1.7192246425120494E-006 ,  -1.7192246425120494E-006
   0.0000000000000000      ,   0.0000000000000000      ,   7.5328922687471921E-007 ,  -7.5328922687471921E-007
   0.0000000000000000      ,   0.0000000000000000      ,   3.2178400696607526E-007 ,  -3.2178400696607526E-007
   0.0000000000000000      ,   0.0000000000000000      ,   1.3379633938438022E-007 ,  -1.3379633938438022E-007
   0.0000000000000000      ,   0.0000000000000000      ,   5.4055187491550352E-008 ,  -5.4055187491550352E-008
   0.0000000000000000      ,   0.0000000000000000      ,   2.1179834528551046E-008 ,  -2.1179834528551046E-008
   0.0000000000000000      ,   0.0000000000000000      ,   8.0317538059043173E-009 ,  -8.0317538059043173E-009
   0.0000000000000000      ,   0.0000000000000000      ,   2.9409890479663048E-009 ,  -2.9409890479663048E-009
   0.0000000000000000      ,   0.0000000000000000      ,   1.0371894498026931E-009 ,  -1.0371894498026931E-009
   0.0000000000000000      ,   0.0000000000000000      ,   3.5134007600183744E-010 ,  -3.5134007600183744E-010
   0.0000000000000000      ,   0.0000000000000000      ,   1.1394596732979706E-010 ,  -1.1394596732979706E-010
   0.0000000000000000      ,   0.0000000000000000      ,   3.5242542184346376E-011 ,  -3.5242542184346376E-011
   0.0000000000000000      ,   0.0000000000000000      ,   1.0355809626467831E-011 ,  -1.0355809626467831E-011
   0.0000000000000000      ,   0.0000000000000000      ,   2.8766890599285764E-012 ,  -2.8766890599285764E-012
   0.0000000000000000      ,   0.0000000000000000      ,   7.4930520385993091E-013 ,  -7.4930520385993091E-013
   0.0000000000000000      ,   0.0000000000000000      ,   1.8205478803753237E-013 ,  -1.8205478803753237E-013
   0.0000000000000000      ,   0.0000000000000000      ,   4.0858418738330587E-014 ,  -4.0858418738330587E-014
   0.0000000000000000      ,   0.0000000000000000      ,   8.1714500606976030E-015 ,  -8.1714500606976030E-015
   0.0000000000000000      ,   0.0000000000000000      ,   1.4727215408573935E-015 ,  -1.4727215408573935E-015
   0.0000000000000000      ,   0.0000000000000000      ,   2.3336306912710781E-016 ,  -2.3336306912710781E-016
   0.0000000000000000      ,   0.0000000000000000      ,   1.8207419164208755E-017 ,  -1.8207419164208755E-017
   0.0000000000000000      ,   0.0000000000000000      ,  -1.9874160977687934E-018 ,   1.9874160977687934E-018
   0.0000000000000000      ,   0.0000000000000000      ,  -4.8859697268708500E-018 ,   4.8859697268708500E-018
   0.0000000000000000      ,   0.0000000000000000      ,  -4.9498150314610098E-019 ,   4.9498150314610098E-019
   0.0000000000000000      ,   0.0000000000000000      ,   8.2372568582797423E-019 ,  -8.2372568582797423E-019
   0.0000000000000000      ,   0.0000000000000000      ,  -3.6942572903067832E-019 ,   3.6942572903067832E-019
   0.0000000000000000      ,   0.0000000000000000      ,  -6.5801455159376358E-020 ,   6.5801455159376358E-020
   0.0000000000000000      ,   0.0000000000000000      ,   9.2701785323200679E-020 ,  -9.2701785323200679E-020
   0.0000000000000000      ,   0.0000000000000000      ,  -2.1770135502768579E-020 ,   2.1770135502768579E-020
   0.0000000000000000      ,   0.0000000000000000      ,  -8.3952362928407912E-021 ,   8.3952362928407912E-021
   0.0000000000000000      ,   0.0000000000000000      ,   7.7314915655670625E-021 ,  -7.7314915655670625E-021
   0.0000000000000000      ,   0.0000000000000000      ,  -2.3077226524006232E-021 ,   2.3077226524006232E-021
   0.0000000000000000      ,   0.0000000000000000      ,  -6.0399831973270797E-023 ,   6.0399831973270797E-023
   0.0000000000000000      ,   0.0000000000000000      ,   3.7958395205020450E-022 ,  -3.7958395205020450E-022
   0.0000000000000000      ,   0.0000000000000000      ,  -2.0209321657855418E-022 ,   2.0209321657855418E-022
   0.0000000000000000      ,   0.0000000000000000      ,   6.5700278653483884E-023 ,  -6.5700278653483884E-023
   0.0000000000000000      ,   0.0000000000000000      ,  -1.3869170004361395E-023 ,   1.3869170004361395E-023
   0.0000000000000000      ,   0.0000000000000000      ,   9.5111091378997638E-025 ,  -9.5111091378997638E-025
   0.0000000000000000      ,   0.0000000000000000      ,   7.7483876021431216E-025 ,  -7.7483876021431216E-025
   0.0000000000000000      ,   0.0000000000000000      ,  -5.0055209518810845E-025 ,   5.0055209518810845E-025
   0.0000000000000000      ,   0.0000000000000000      ,   2.0582067733195534E-025 ,  -2.0582067733195534E-025
   0.0000000000000000      ,   0.0000000000000000      ,  -7.1593762729822011E-026 ,   7.1593762729822011E-026
   0.0000000000000000      ,   0.0000000000000000      ,   2.3076907459792482E-026 ,  -2.3076907459792482E-026
   0.0000000000000000      ,   0.0000000000000000      ,  -7.2285092643302598E-027 ,   7.2285092643302598E-027
   0.0000000000000000      ,   0.0000000000000000      ,   2.2646919972612857E-027 ,  -2.2646919972612857E-027
   0.0000000000000000      ,   0.0000000000000000      ,  -7.2182714123596444E-028 ,   7.2182714123596444E-028
   0.0000000000000000      ,   0.0000000000000000      ,   2.3601336275289575E-028 ,  -2.3601336275289575E-028
   0.0000000000000000      ,   0.0000000000000000      ,  -7.9263202770114887E-029 ,   7.9263202770114887E-029
   0.0000000000000000      ,   0.0000000000000000      ,   2.7005931477170005E-029 ,  -2.7005931477170005E-029
   0.0000000000000000      ,   0.0000000000000000      ,  -8.4537426454177898E-030 ,   8.4537426454177898E-030
   0.0000000000000000      ,   0.0000000000000000      ,   0.0000000000000000      ,   0.0000000000000000     
