   0.0000000000000000     
   4.5438609083021220E-002
   9.0898845979751286E-002
  0.13640237893388729     
  0.18197095720661594     
  0.22762645197985165     
  0.27339089773575864     
  0.31928653427610953     
  0.36533584954941034     
  0.41156162345884439     
  0.45798697283087364     
  0.50463539773178923     
  0.55153082932889674     
  0.59869767950351616     
  0.64616089243469332     
  0.69394599838685167     
  0.74207916994923551     
  0.79058728099343512     
  0.83949796863408466     
  0.88883969850002842     
  0.93864183364814835     
  0.98893470747874801     
   1.0397497010427514     
   1.0911193251645699     
   1.1430773078429226     
   1.1956586874340758     
   1.2488999121696764     
   1.3028389466140524     
   1.3575153857248807     
   1.4129705772472718     
   1.4692477532450212     
   1.5263921716553384     
   1.5844512688456689     
   1.6434748242553638     
   1.7035151383205545     
   1.7646272250118855     
   1.8268690204612739     
   1.8903016093192662     
   1.9549894706711939     
   2.0210007455502819     
   2.0884075283237920     
   2.1572861844964279     
   2.2277176977802782     
   2.2997880496247234     
   2.3735886347919717     
   2.4492167170086319     
   2.5267759292304390     
   2.6063768236342781     
   2.6881374771098976     
   2.7721841587754454     
   2.8586520669006319     
   2.9476861436044715     
   3.0394419768216920     
   3.1340868003235158     
   3.2318006040608083     
   3.3327773687996256     
   3.4372264409739586     
   3.5453740659262323     
   3.6574651002866929     
   3.7737649272056899     
   3.8945616015531286     
   4.0201682560957295     
   4.1509258041187280     
   4.2872059790402233     
   4.4294147573373124     
   4.5779962176218163     
   4.7334368960105735     
   4.8962707060400277     
   5.0670845002367315     
   5.2465243599397695     
   5.4353027098134703     
   5.6342063632039725     
   5.8441056132754454     
   6.0659644914181996     
   6.3008523167342929     
   6.5499566554001944     
   6.8145977917589420     
   7.0962447772597699     
   7.3965330588284246     
   7.7172835804669404     
   8.0605230802854351     
   8.4285050410288065     
   8.8237303562198193     
   9.2489661943205590     
   9.7072607140988509     
   10.201950128512564     
   10.736653052936177     
   11.315245049715301     
   11.941803809623565     
   12.620512667355783     
   13.355507612458531     
   14.150651611080121     
   15.009221590911523     
   15.933500346850465     
   16.924280835898461     
   17.980316045656778     
   19.097782925077276     
   20.269866557633492     
   21.486595370446871     
   22.735048828610232     
   23.999999999999982     
