              yp,          delta_y,             gr_y,            AR_xy
        0.000000,         0.000000,         0.000000,         0.000000
        0.003458,         0.003458,         0.000000,        15.183122
        0.006917,         0.003459,         1.000435,        15.176526
        0.010379,         0.003462,         1.000870,        15.163340
        0.013846,         0.003467,         1.001305,        15.143578
        0.017319,         0.003473,         1.001741,        15.117258
        0.020799,         0.003480,         1.002178,        15.084407
        0.024289,         0.003490,         1.002615,        15.045057
        0.027789,         0.003500,         1.003054,        14.999248
        0.031302,         0.003512,         1.003494,        14.947023
        0.034828,         0.003526,         1.003935,        14.888436
        0.038369,         0.003542,         1.004378,        14.823543
        0.041928,         0.003559,         1.004822,        14.752409
        0.045506,         0.003577,         1.005268,        14.675103
        0.049104,         0.003598,         1.005716,        14.591703
        0.052724,         0.003620,         1.006165,        14.502290
        0.056368,         0.003644,         1.006617,        14.406954
        0.060038,         0.003670,         1.007072,        14.305786
        0.063735,         0.003697,         1.007529,        14.198889
        0.067462,         0.003727,         1.007988,        14.086367
        0.071221,         0.003759,         1.008450,        13.968330
        0.075013,         0.003792,         1.008915,        13.844897
        0.078840,         0.003828,         1.009384,        13.716188
        0.082706,         0.003865,         1.009855,        13.582331
        0.086611,         0.003905,         1.010330,        13.443457
        0.090558,         0.003947,         1.010809,        13.299704
        0.094550,         0.003992,         1.011291,        13.151213
        0.098589,         0.004039,         1.011777,        12.998132
        0.102678,         0.004089,         1.012267,        12.840611
        0.106819,         0.004141,         1.012762,        12.678805
        0.111014,         0.004196,         1.013261,        12.512875
        0.115268,         0.004253,         1.013764,        12.342984
        0.119582,         0.004314,         1.014272,        12.169300
        0.123960,         0.004378,         1.014785,        11.991993
        0.128405,         0.004445,         1.015303,        11.811241
        0.132920,         0.004515,         1.015827,        11.627219
        0.137509,         0.004589,         1.016355,        11.440111
        0.142176,         0.004667,         1.016890,        11.250101
        0.146924,         0.004748,         1.017430,        11.057376
        0.151757,         0.004833,         1.017975,        10.862126
        0.156680,         0.004923,         1.018527,        10.664545
        0.161697,         0.005017,         1.019085,        10.464827
        0.166812,         0.005115,         1.019649,        10.263170
        0.172031,         0.005219,         1.020219,        10.059772
        0.177358,         0.005327,         1.020796,         9.854834
        0.182799,         0.005441,         1.021379,         9.648559
        0.188360,         0.005561,         1.021969,         9.441149
        0.194046,         0.005686,         1.022565,         9.232811
        0.199864,         0.005818,         1.023168,         9.023748
        0.205821,         0.005956,         1.023778,         8.814169
        0.211922,         0.006102,         1.024394,         8.604279
        0.218177,         0.006254,         1.025016,         8.394285
        0.224591,         0.006415,         1.025645,         8.184396
        0.231174,         0.006583,         1.026280,         7.974817
        0.237935,         0.006760,         1.026921,         7.765757
        0.244882,         0.006947,         1.027567,         7.557421
        0.252025,         0.007143,         1.028218,         7.350015
        0.259374,         0.007349,         1.028874,         7.143744
        0.266940,         0.007566,         1.029534,         6.938810
        0.274734,         0.007795,         1.030197,         6.735418
        0.282770,         0.008035,         1.030863,         6.533766
        0.291058,         0.008289,         1.031530,         6.334056
        0.299614,         0.008555,         1.032197,         6.136482
        0.308450,         0.008837,         1.032862,         5.941241
        0.317583,         0.009133,         1.033524,         5.748526
        0.327028,         0.009445,         1.034182,         5.558525
        0.336802,         0.009774,         1.034832,         5.371428
        0.346922,         0.010121,         1.035472,         5.187419
        0.357408,         0.010486,         1.036100,         5.006679
        0.368279,         0.010871,         1.036711,         4.829386
        0.379556,         0.011276,         1.037302,         4.655717
        0.391259,         0.011703,         1.037869,         4.485842
        0.403412,         0.012153,         1.038406,         4.319929
        0.416038,         0.012626,         1.038909,         4.158141
        0.429161,         0.013123,         1.039369,         4.000640
        0.442806,         0.013645,         1.039781,         3.847579
        0.456999,         0.014193,         1.040136,         3.699110
        0.471765,         0.014766,         1.040426,         3.555380
        0.487131,         0.015366,         1.040641,         3.416530
        0.503124,         0.015993,         1.040769,         3.282698
        0.519770,         0.016645,         1.040800,         3.154016
        0.537093,         0.017323,         1.040720,         3.030610
        0.555118,         0.018025,         1.040516,         2.912603
        0.573867,         0.018749,         1.040174,         2.800111
        0.593361,         0.019493,         1.039679,         2.693244
        0.613614,         0.020254,         1.039017,         2.592109
        0.634641,         0.021027,         1.038171,         2.496804
        0.656449,         0.021808,         1.037127,         2.407424
        0.679039,         0.022590,         1.035871,         2.324057
        0.702405,         0.023367,         1.034393,         2.246784
        0.726536,         0.024130,         1.032680,         2.175682
        0.751408,         0.024872,         1.030728,         2.110821
        0.776989,         0.025582,         1.028533,         2.052263
        0.803238,         0.026249,         1.026097,         2.000067
        0.830102,         0.026864,         1.023427,         1.954284
        0.857518,         0.027416,         1.020536,         1.914957
        0.885412,         0.027894,         1.017443,         1.882127
        0.913701,         0.028289,         1.014173,         1.855824
        0.942295,         0.028594,         1.010756,         1.836074
        0.971095,         0.028800,         1.007229,         1.822897
        1.000000,         0.028905,         1.003629,         1.816306
        1.028905,         0.028905,         1.000000,         1.816306
        1.057705,         0.028800,         0.996384,         1.822897
        1.086299,         0.028594,         0.992823,         1.836074
        1.114588,         0.028289,         0.989358,         1.855824
        1.142482,         0.027894,         0.986025,         1.882127
        1.169898,         0.027416,         0.982856,         1.914957
        1.196762,         0.026864,         0.979877,         1.954284
        1.223011,         0.026249,         0.977109,         2.000067
        1.248592,         0.025582,         0.974567,         2.052263
        1.273464,         0.024872,         0.972258,         2.110821
        1.297595,         0.024130,         0.970188,         2.175682
        1.320961,         0.023367,         0.968354,         2.246784
        1.343551,         0.022590,         0.966751,         2.324057
        1.365359,         0.021808,         0.965371,         2.407424
        1.386386,         0.021027,         0.964202,         2.496804
        1.406639,         0.020254,         0.963233,         2.592109
        1.426133,         0.019493,         0.962448,         2.693244
        1.444882,         0.018749,         0.961835,         2.800111
        1.462907,         0.018025,         0.961377,         2.912603
        1.480230,         0.017323,         0.961062,         3.030610
        1.496876,         0.016645,         0.960873,         3.154016
        1.512869,         0.015993,         0.960800,         3.282698
        1.528235,         0.015366,         0.960828,         3.416530
        1.543001,         0.014766,         0.960947,         3.555380
        1.557194,         0.014193,         0.961145,         3.699110
        1.570839,         0.013645,         0.961412,         3.847579
        1.583962,         0.013123,         0.961741,         4.000640
        1.596588,         0.012626,         0.962122,         4.158141
        1.608741,         0.012153,         0.962549,         4.319929
        1.620444,         0.011703,         0.963014,         4.485842
        1.631721,         0.011276,         0.963513,         4.655717
        1.642592,         0.010871,         0.964039,         4.829386
        1.653078,         0.010486,         0.964589,         5.006679
        1.663198,         0.010121,         0.965158,         5.187419
        1.672972,         0.009774,         0.965743,         5.371428
        1.682417,         0.009445,         0.966341,         5.558525
        1.691550,         0.009133,         0.966948,         5.748526
        1.700386,         0.008837,         0.967563,         5.941241
        1.708942,         0.008555,         0.968184,         6.136482
        1.717230,         0.008289,         0.968808,         6.334056
        1.725266,         0.008035,         0.969434,         6.533766
        1.733060,         0.007795,         0.970061,         6.735418
        1.740626,         0.007566,         0.970688,         6.938810
        1.747975,         0.007349,         0.971313,         7.143744
        1.755118,         0.007143,         0.971936,         7.350015
        1.762065,         0.006947,         0.972556,         7.557421
        1.768826,         0.006760,         0.973172,         7.765757
        1.775409,         0.006583,         0.973785,         7.974817
        1.781823,         0.006415,         0.974393,         8.184396
        1.788078,         0.006254,         0.974996,         8.394285
        1.794179,         0.006102,         0.975594,         8.604279
        1.800136,         0.005956,         0.976187,         8.814169
        1.805954,         0.005818,         0.976775,         9.023748
        1.811640,         0.005686,         0.977357,         9.232811
        1.817201,         0.005561,         0.977933,         9.441149
        1.822642,         0.005441,         0.978504,         9.648559
        1.827969,         0.005327,         0.979069,         9.854834
        1.833188,         0.005219,         0.979628,        10.059772
        1.838303,         0.005115,         0.980182,        10.263170
        1.843320,         0.005017,         0.980730,        10.464827
        1.848243,         0.004923,         0.981273,        10.664545
        1.853076,         0.004833,         0.981810,        10.862126
        1.857824,         0.004748,         0.982342,        11.057376
        1.862491,         0.004667,         0.982869,        11.250101
        1.867080,         0.004589,         0.983391,        11.440111
        1.871595,         0.004515,         0.983908,        11.627219
        1.876040,         0.004445,         0.984420,        11.811241
        1.880418,         0.004378,         0.984927,        11.991993
        1.884732,         0.004314,         0.985430,        12.169300
        1.888986,         0.004253,         0.985928,        12.342984
        1.893181,         0.004196,         0.986423,        12.512875
        1.897322,         0.004141,         0.986913,        12.678805
        1.901411,         0.004089,         0.987399,        12.840611
        1.905450,         0.004039,         0.987881,        12.998132
        1.909442,         0.003992,         0.988360,        13.151213
        1.913389,         0.003947,         0.988835,        13.299704
        1.917294,         0.003905,         0.989307,        13.443457
        1.921160,         0.003865,         0.989775,        13.582331
        1.924987,         0.003828,         0.990241,        13.716188
        1.928779,         0.003792,         0.990704,        13.844897
        1.932538,         0.003759,         0.991163,        13.968330
        1.936265,         0.003727,         0.991621,        14.086367
        1.939962,         0.003697,         0.992075,        14.198889
        1.943632,         0.003670,         0.992528,        14.305786
        1.947276,         0.003644,         0.992978,        14.406954
        1.950896,         0.003620,         0.993426,        14.502290
        1.954494,         0.003598,         0.993872,        14.591703
        1.958072,         0.003577,         0.994317,        14.675103
        1.961631,         0.003559,         0.994760,        14.752409
        1.965172,         0.003542,         0.995201,        14.823543
        1.968698,         0.003526,         0.995641,        14.888436
        1.972211,         0.003512,         0.996080,        14.947023
        1.975711,         0.003500,         0.996518,        14.999248
        1.979201,         0.003490,         0.996955,        15.045057
        1.982681,         0.003480,         0.997391,        15.084407
        1.986154,         0.003473,         0.997827,        15.117258
        1.989621,         0.003467,         0.998262,        15.143578
        1.993083,         0.003462,         0.998697,        15.163340
        1.996542,         0.003459,         0.999131,        15.176526
        2.000000,         0.003458,         0.999566,        15.183122
