              yp,          delta_y,             gr_y,            AR_xy
        0.000000,         0.000000,         0.000000,         0.000000
        0.002778,         0.002778,         0.000000,        22.502059
        0.005556,         0.002778,         1.000263,        22.496138
        0.008335,         0.002780,         1.000526,        22.484300
        0.011117,         0.002782,         1.000790,        22.466553
        0.013902,         0.002785,         1.001054,        22.442906
        0.016691,         0.002789,         1.001318,        22.413375
        0.019484,         0.002793,         1.001582,        22.377976
        0.022282,         0.002798,         1.001846,        22.336731
        0.025086,         0.002804,         1.002112,        22.289666
        0.027896,         0.002811,         1.002377,        22.236807
        0.030715,         0.002818,         1.002643,        22.178188
        0.033541,         0.002826,         1.002910,        22.113844
        0.036376,         0.002835,         1.003177,        22.043812
        0.039221,         0.002845,         1.003445,        21.968136
        0.042077,         0.002856,         1.003713,        21.886862
        0.044944,         0.002867,         1.003983,        21.800037
        0.047823,         0.002879,         1.004253,        21.707714
        0.050715,         0.002892,         1.004524,        21.609950
        0.053621,         0.002906,         1.004796,        21.506802
        0.056542,         0.002921,         1.005069,        21.398333
        0.059478,         0.002936,         1.005343,        21.284608
        0.062431,         0.002953,         1.005618,        21.165696
        0.065401,         0.002970,         1.005894,        21.041669
        0.068390,         0.002989,         1.006172,        20.912601
        0.071398,         0.003008,         1.006450,        20.778569
        0.074426,         0.003028,         1.006730,        20.639655
        0.077475,         0.003049,         1.007012,        20.495943
        0.080547,         0.003072,         1.007294,        20.347518
        0.083642,         0.003095,         1.007579,        20.194470
        0.086761,         0.003119,         1.007864,        20.036892
        0.089906,         0.003145,         1.008152,        19.874879
        0.093077,         0.003171,         1.008441,        19.708527
        0.096276,         0.003199,         1.008731,        19.537937
        0.099504,         0.003228,         1.009024,        19.363213
        0.102762,         0.003258,         1.009318,        19.184458
        0.106051,         0.003289,         1.009614,        19.001782
        0.109373,         0.003322,         1.009912,        18.815293
        0.112728,         0.003356,         1.010211,        18.625105
        0.116119,         0.003391,         1.010513,        18.431331
        0.119547,         0.003428,         1.010817,        18.234089
        0.123013,         0.003466,         1.011123,        18.033497
        0.126518,         0.003505,         1.011432,        17.829677
        0.130065,         0.003547,         1.011742,        17.622750
        0.133654,         0.003589,         1.012055,        17.412842
        0.137288,         0.003634,         1.012370,        17.200079
        0.140967,         0.003680,         1.012687,        16.984589
        0.144695,         0.003728,         1.013007,        16.766502
        0.148472,         0.003777,         1.013330,        16.545950
        0.152301,         0.003829,         1.013655,        16.323064
        0.156184,         0.003882,         1.013982,        16.097981
        0.160122,         0.003938,         1.014312,        15.870834
        0.164118,         0.003996,         1.014645,        15.641762
        0.168173,         0.004056,         1.014980,        15.410901
        0.172291,         0.004118,         1.015318,        15.178391
        0.176473,         0.004182,         1.015659,        14.944372
        0.180722,         0.004249,         1.016003,        14.708986
        0.185041,         0.004319,         1.016349,        14.472373
        0.189431,         0.004391,         1.016698,        14.234676
        0.193897,         0.004466,         1.017050,        13.996039
        0.198440,         0.004543,         1.017405,        13.756605
        0.203064,         0.004624,         1.017762,        13.516519
        0.207772,         0.004708,         1.018123,        13.275925
        0.212567,         0.004795,         1.018485,        13.034968
        0.217452,         0.004885,         1.018851,        12.793793
        0.222431,         0.004979,         1.019219,        12.552546
        0.227508,         0.005077,         1.019590,        12.311372
        0.232686,         0.005178,         1.019963,        12.070416
        0.237969,         0.005283,         1.020338,        11.829823
        0.243362,         0.005393,         1.020715,        11.589738
        0.248868,         0.005506,         1.021095,        11.350306
        0.254493,         0.005625,         1.021476,        11.111671
        0.260240,         0.005748,         1.021859,        10.873977
        0.266116,         0.005876,         1.022243,        10.637367
        0.272124,         0.006008,         1.022629,        10.401984
        0.278271,         0.006147,         1.023015,        10.167969
        0.284562,         0.006291,         1.023402,         9.935464
        0.291002,         0.006440,         1.023788,         9.704607
        0.297598,         0.006596,         1.024175,         9.475540
        0.304356,         0.006758,         1.024560,         9.248399
        0.311282,         0.006926,         1.024944,         9.023321
        0.318384,         0.007102,         1.025326,         8.800442
        0.325669,         0.007284,         1.025705,         8.579897
        0.333143,         0.007474,         1.026080,         8.361817
        0.340815,         0.007672,         1.026451,         8.146335
        0.348693,         0.007878,         1.026817,         7.933580
        0.356785,         0.008092,         1.027176,         7.723681
        0.365100,         0.008315,         1.027527,         7.516764
        0.373646,         0.008546,         1.027870,         7.312953
        0.382434,         0.008788,         1.028202,         7.112372
        0.391472,         0.009038,         1.028522,         6.915140
        0.400771,         0.009299,         1.028828,         6.721378
        0.410340,         0.009569,         1.029118,         6.531202
        0.420191,         0.009851,         1.029391,         6.344726
        0.430334,         0.010143,         1.029643,         6.162063
        0.440779,         0.010446,         1.029873,         5.983323
        0.451539,         0.010760,         1.030078,         5.808613
        0.462625,         0.011085,         1.030254,         5.638038
        0.474047,         0.011422,         1.030399,         5.471703
        0.485818,         0.011771,         1.030510,         5.309706
        0.497949,         0.012131,         1.030582,         5.152145
        0.510451,         0.012502,         1.030611,         4.999115
        0.523336,         0.012885,         1.030595,         4.850709
        0.536614,         0.013278,         1.030528,         4.707016
        0.550296,         0.013682,         1.030405,         4.568121
        0.564391,         0.014095,         1.030223,         4.434110
        0.578909,         0.014518,         1.029976,         4.305063
        0.593857,         0.014948,         1.029659,         4.181056
        0.609243,         0.015386,         1.029268,         4.062166
        0.625072,         0.015829,         1.028797,         3.948464
        0.641348,         0.016276,         1.028241,         3.840017
        0.658073,         0.016725,         1.027597,         3.736891
        0.675247,         0.017174,         1.026859,         3.639149
        0.692869,         0.017621,         1.026023,         3.546849
        0.710932,         0.018063,         1.025087,         3.460046
        0.729430,         0.018498,         1.024048,         3.378793
        0.748351,         0.018921,         1.022904,         3.303139
        0.767682,         0.019331,         1.021654,         3.233128
        0.787406,         0.019724,         1.020299,         3.168803
        0.807501,         0.020095,         1.018841,         3.110203
        0.827943,         0.020442,         1.017283,         3.057362
        0.848705,         0.020762,         1.015629,         3.010313
        0.869756,         0.021050,         1.013886,         2.969082
        0.891060,         0.021304,         1.012062,         2.933696
        0.912580,         0.021521,         1.010165,         2.904176
        0.934278,         0.021697,         1.008206,         2.880538
        0.956110,         0.021832,         1.006197,         2.862797
        0.978032,         0.021922,         1.004151,         2.850964
        1.000000,         0.021968,         1.002080,         2.845046
        1.021968,         0.021968,         1.000000,         2.845046
        1.043890,         0.021922,         0.997924,         2.850964
        1.065722,         0.021832,         0.995867,         2.862797
        1.087420,         0.021697,         0.993841,         2.880538
        1.108940,         0.021521,         0.991861,         2.904176
        1.130244,         0.021304,         0.989937,         2.933696
        1.151295,         0.021050,         0.988082,         2.969082
        1.172057,         0.020762,         0.986304,         3.010313
        1.192499,         0.020442,         0.984611,         3.057362
        1.212594,         0.020095,         0.983011,         3.110203
        1.232318,         0.019724,         0.981507,         3.168803
        1.251649,         0.019331,         0.980104,         3.233128
        1.270570,         0.018921,         0.978805,         3.303139
        1.289068,         0.018498,         0.977609,         3.378793
        1.307131,         0.018063,         0.976517,         3.460046
        1.324753,         0.017621,         0.975527,         3.546849
        1.341927,         0.017174,         0.974637,         3.639149
        1.358652,         0.016725,         0.973844,         3.736891
        1.374928,         0.016276,         0.973145,         3.840017
        1.390757,         0.015829,         0.972534,         3.948464
        1.406143,         0.015386,         0.972009,         4.062166
        1.421091,         0.014948,         0.971565,         4.181056
        1.435609,         0.014518,         0.971195,         4.305063
        1.449704,         0.014095,         0.970897,         4.434110
        1.463386,         0.013682,         0.970664,         4.568121
        1.476664,         0.013278,         0.970492,         4.707016
        1.489549,         0.012885,         0.970377,         4.850709
        1.502051,         0.012502,         0.970314,         4.999115
        1.514182,         0.012131,         0.970298,         5.152145
        1.525953,         0.011771,         0.970326,         5.309706
        1.537375,         0.011422,         0.970394,         5.471703
        1.548461,         0.011085,         0.970498,         5.638038
        1.559221,         0.010760,         0.970634,         5.808613
        1.569666,         0.010446,         0.970801,         5.983323
        1.579809,         0.010143,         0.970993,         6.162063
        1.589660,         0.009851,         0.971210,         6.344726
        1.599229,         0.009569,         0.971448,         6.531202
        1.608528,         0.009299,         0.971706,         6.721378
        1.617566,         0.009038,         0.971980,         6.915140
        1.626354,         0.008788,         0.972269,         7.112372
        1.634900,         0.008546,         0.972572,         7.312953
        1.643215,         0.008315,         0.972886,         7.516764
        1.651307,         0.008092,         0.973210,         7.723681
        1.659185,         0.007878,         0.973543,         7.933580
        1.666857,         0.007672,         0.973883,         8.146335
        1.674331,         0.007474,         0.974230,         8.361817
        1.681616,         0.007284,         0.974583,         8.579897
        1.688718,         0.007102,         0.974939,         8.800442
        1.695644,         0.006926,         0.975300,         9.023321
        1.702402,         0.006758,         0.975663,         9.248399
        1.708998,         0.006596,         0.976029,         9.475540
        1.715438,         0.006440,         0.976396,         9.704607
        1.721729,         0.006291,         0.976764,         9.935464
        1.727876,         0.006147,         0.977134,        10.167969
        1.733884,         0.006008,         0.977503,        10.401984
        1.739760,         0.005876,         0.977872,        10.637367
        1.745507,         0.005748,         0.978241,        10.873977
        1.751132,         0.005625,         0.978609,        11.111671
        1.756638,         0.005506,         0.978975,        11.350306
        1.762031,         0.005393,         0.979341,        11.589738
        1.767314,         0.005283,         0.979705,        11.829823
        1.772492,         0.005178,         0.980068,        12.070416
        1.777569,         0.005077,         0.980428,        12.311372
        1.782548,         0.004979,         0.980787,        12.552546
        1.787433,         0.004885,         0.981143,        12.793793
        1.792228,         0.004795,         0.981498,        13.034968
        1.796936,         0.004708,         0.981850,        13.275925
        1.801560,         0.004624,         0.982200,        13.516519
        1.806103,         0.004543,         0.982548,        13.756605
        1.810569,         0.004466,         0.982893,        13.996039
        1.814959,         0.004391,         0.983236,        14.234676
        1.819278,         0.004319,         0.983576,        14.472373
        1.823527,         0.004249,         0.983914,        14.708986
        1.827709,         0.004182,         0.984249,        14.944372
        1.831827,         0.004118,         0.984582,        15.178391
        1.835882,         0.004056,         0.984913,        15.410901
        1.839878,         0.003996,         0.985241,        15.641762
        1.843816,         0.003938,         0.985566,        15.870834
        1.847699,         0.003882,         0.985890,        16.097981
        1.851528,         0.003829,         0.986211,        16.323064
        1.855305,         0.003777,         0.986529,        16.545950
        1.859033,         0.003728,         0.986846,        16.766502
        1.862712,         0.003680,         0.987160,        16.984589
        1.866346,         0.003634,         0.987472,        17.200079
        1.869935,         0.003589,         0.987781,        17.412842
        1.873482,         0.003547,         0.988089,        17.622750
        1.876987,         0.003505,         0.988394,        17.829677
        1.880453,         0.003466,         0.988698,        18.033497
        1.883881,         0.003428,         0.988999,        18.234089
        1.887272,         0.003391,         0.989299,        18.431331
        1.890627,         0.003356,         0.989596,        18.625105
        1.893949,         0.003322,         0.989892,        18.815293
        1.897238,         0.003289,         0.990186,        19.001782
        1.900496,         0.003258,         0.990478,        19.184458
        1.903724,         0.003228,         0.990768,        19.363213
        1.906923,         0.003199,         0.991057,        19.537937
        1.910094,         0.003171,         0.991344,        19.708527
        1.913239,         0.003145,         0.991630,        19.874879
        1.916358,         0.003119,         0.991914,        20.036892
        1.919453,         0.003095,         0.992197,        20.194470
        1.922525,         0.003072,         0.992478,        20.347518
        1.925574,         0.003049,         0.992758,        20.495943
        1.928602,         0.003028,         0.993037,        20.639655
        1.931610,         0.003008,         0.993315,        20.778569
        1.934599,         0.002989,         0.993591,        20.912601
        1.937569,         0.002970,         0.993866,        21.041669
        1.940522,         0.002953,         0.994140,        21.165696
        1.943458,         0.002936,         0.994413,        21.284608
        1.946379,         0.002921,         0.994685,        21.398333
        1.949285,         0.002906,         0.994957,        21.506802
        1.952177,         0.002892,         0.995227,        21.609950
        1.955056,         0.002879,         0.995496,        21.707714
        1.957923,         0.002867,         0.995765,        21.800037
        1.960779,         0.002856,         0.996033,        21.886862
        1.963624,         0.002845,         0.996300,        21.968136
        1.966459,         0.002835,         0.996567,        22.043812
        1.969285,         0.002826,         0.996833,        22.113844
        1.972104,         0.002818,         0.997099,        22.178188
        1.974914,         0.002811,         0.997364,        22.236807
        1.977718,         0.002804,         0.997629,        22.289666
        1.980516,         0.002798,         0.997893,        22.336731
        1.983309,         0.002793,         0.998157,        22.377976
        1.986098,         0.002789,         0.998421,        22.413375
        1.988883,         0.002785,         0.998684,        22.442906
        1.991665,         0.002782,         0.998947,        22.466553
        1.994444,         0.002780,         0.999211,        22.484300
        1.997222,         0.002778,         0.999474,        22.496138
        2.000000,         0.002778,         0.999737,        22.502059
