yp                      , delta_y                 , gr_y                    , AR_xy                   
0.0                     , 0.0                     , 0.0                     , 0.0                     
0.011948907159251121    , 0.011948907159251121    , 0.0                     , 29.057050604932495      
0.023897952759284635    , 0.011949045600033514    , 1.000011586062269       , 29.056713952035317      
0.03584727524761888     , 0.011949322488334246    , 1.0000231724197899      , 29.056040653263867      
0.04779701308422091     , 0.011949737836602026    , 1.0000347591479086      , 29.055030725153404      
0.05974730474832768     , 0.011950291664106771    , 1.000046346414651       , 29.053684191058746      
0.07169828874461359     , 0.011950983996285913    , 1.000057934333203       , 29.052001082747804      
0.08365010360950009     , 0.0119518148648865      , 1.0000695230284675      , 29.049981440061167      
0.09560288791783478     , 0.011952784308334685    , 1.0000811126560396      , 29.047625310020628      
0.10755678028894522     , 0.011953892371110442    , 1.0000927033189233      , 29.044932748356953      
0.1195119193932328      , 0.011955139104287582    , 1.0001042951649919      , 29.041903818206553      
0.13146844395853918     , 0.011956524565306381    , 1.00011588832273        , 29.03853859067475       
0.1434264927764275      , 0.011958048817888312    , 1.0001274829130826      , 29.034837145054617      
0.1553862047086625      , 0.011959711932234995    , 1.0001390790731843      , 29.03079956835685       
0.16734771869371912     , 0.011961513985056627    , 1.0001506769420403      , 29.026425955255558      
0.17931117375309213     , 0.011963455059373018    , 1.00016227664147        , 29.02171640858708       
0.19127670899763416     , 0.011965535244542025    , 1.0001738782950813      , 29.016671039297826      
0.20324446363417792     , 0.01196775463654376     , 1.0001854820496012      , 29.011289965773397      
0.21521457697190272     , 0.011970113337724797    , 1.0001970880296822      , 29.00557331447904       
0.22718718842872931     , 0.011972611456826598    , 1.0002086963616232      , 28.999521219911628      
0.23916243753788535     , 0.011975249109156039    , 1.0002203071851912      , 28.993133824208947      
0.25114046395432865     , 0.0119780264164433      , 1.0002319206274495      , 28.986411277517952      
0.2631214074612558      , 0.011980943506927133    , 1.0002435368217113      , 28.9793537378134        
0.27510540797646854     , 0.011984000515212756    , 1.0002551558885038      , 28.97196137126802       
0.28709260555922356     , 0.011987197582755016    , 1.000266777987718       , 28.964234351112037      
0.2990831404163714      , 0.01199053485714785     , 1.0002784032189171      , 28.956172859380466      
0.31107715290909255     , 0.01199401249272114     , 1.0002900317304209      , 28.947777085500523      
0.3230747835595196      , 0.011997630650427027    , 1.0003016636599371      , 28.93904722659905       
0.3350761730571321      , 0.012001389497612536    , 1.0003132991250547      , 28.929983488084385      
0.34708146226549275     , 0.012005289208360637    , 1.0003249382705959      , 28.920586082858005      
0.3590907922287272      , 0.01200932996323445     , 1.0003365812188014      , 28.91085523196744       
0.3711043041783455      , 0.012013511949618305    , 1.0003482281190257      , 28.900791163822106      
0.3831221395395801      , 0.012017835361234575    , 1.0003598790790238      , 28.890394115395225      
0.39514443993837745     , 0.01202230039879737     , 1.0003715342595887      , 28.879664330690954      
0.40717134720785        , 0.012026907269472531    , 1.0003831937750967      , 28.868602062085017      
0.41920300339506866     , 0.012031656187218687    , 1.0003948577668185      , 28.857207569547494      
0.4312395507677991      , 0.01203654737273041     , 1.000406526369738       , 28.845481120824104      
0.4432811318210952      , 0.012041581053296113    , 1.0004181997054327      , 28.833422991822307      
0.45532788928431955     , 0.012046757463224367    , 1.0004298779292637      , 28.821033465636855      
0.46737996612776556     , 0.012052076843446002    , 1.000441561161821       , 28.808312833551973      
0.4794375055694786      , 0.012057539441713061    , 1.0004532495384835      , 28.795261394614354      
0.491500651082049       , 0.012063145512570372    , 1.0004649431904753      , 28.78187945575232       
0.5035695463997172      , 0.012068895317668193    , 1.0004766422730977      , 28.768167331082775      
0.515644335524911       , 0.012074789125193774    , 1.000488346892607       , 28.754125343321736      
0.5277251627354644      , 0.01208082721055348     , 1.0005000572098695      , 28.739753822213068      
0.5398121725913256      , 0.012087009855861197    , 1.0005117733413418      , 28.72505310580489       
0.5519055099417187      , 0.012093337350393085    , 1.000523495439099       , 28.710023539425578      
0.5640053199320221      , 0.012099809990303356    , 1.0005352236295684      , 28.694665476420038      
0.5761117480108453      , 0.012106428078823228    , 1.000546958053488       , 28.678979277738264      
0.588224939937021       , 0.01211319192617566     , 1.0005586988423334      , 28.662965312200495      
0.6003450417868521      , 0.012120101849831144    , 1.000570446146449       , 28.646623955956045      
0.6124721999610188      , 0.012127158174166652    , 1.0005822000856872      , 28.629955593356375      
0.6246065611919107      , 0.012134361230891955    , 1.0005939608127357      , 28.61296061601411       
0.6367482725506761      , 0.012141711358765406    , 1.0006057284543943      , 28.59563942354367       
0.6488974814546111      , 0.012149208903935005    , 1.0006175031631095      , 28.577992422827258      
0.6610543356742085      , 0.012156854219597335    , 1.0006292850606804      , 28.560020028890346      
0.6732189833406323      , 0.012164647666423889    , 1.0006410743014416      , 28.541722663971605      
0.6853915729529376      , 0.012172589612305273    , 1.0006528710160103      , 28.52310075819984       
0.6975722533853741      , 0.012180680432436475    , 1.0006646753393396      , 28.504154749469144      
0.7097611738949752      , 0.012188920509601076    , 1.0006764874269798      , 28.484885082851633      
0.7219584841288338      , 0.012197310233858616    , 1.0006883074059703      , 28.465292211409416      
0.7341643341317763      , 0.012205850002942498    , 1.0007001354331528      , 28.44537659534564       
0.7463788743535531      , 0.012214540221776815    , 1.0007119716228057      , 28.425138703214635      
0.7586022556566832      , 0.012223381303130054    , 1.0007238161398393      , 28.404579010481505      
0.7708346293239856      , 0.012232373667302454    , 1.0007356691204665      , 28.38369800033801       
0.78307614706614        , 0.012241517742154429    , 1.0007475307001468      , 28.362496163722835      
0.7953269610295308      , 0.012250813963390783    , 1.0007594010344274      , 28.3409739987515        
0.8075872238037789      , 0.012260262774248076    , 1.000771280250074       , 28.31913201153177       
0.8198570884296146      , 0.01226986462583568     , 1.0007831684984576      , 28.29697071546564       
0.8321367084068925      , 0.012279619977277889    , 1.0007950659391684      , 28.27449063101758       
0.844426237702038       , 0.012289529295145485    , 1.000806972682048       , 28.251692287120246      
0.8567258307563179      , 0.012299593054279967    , 1.0008188889006886      , 28.22857621937196       
0.8690356424937704      , 0.012309811737452492    , 1.0008308147373193      , 28.20514297092352       
0.8813558283289922      , 0.012320185835221764    , 1.0008427503190571      , 28.181393092903         
0.8936865441754094      , 0.012330715846417206    , 1.0008546958086735      , 28.157327143410082      
0.9060279464534062      , 0.012341402277996849    , 1.0008666513536395      , 28.13294568794775       
0.9183801920983683      , 0.012352245644962068    , 1.000878617090746       , 28.10824929972207       
0.9307434385689248      , 0.012363246470556533    , 1.0008905931691012      , 28.083238559294916      
0.9431178438552763      , 0.012374405286351475    , 1.0009025797408082      , 28.05791405449999       
0.9555035664876073      , 0.012385722632330953    , 1.0009145769608792      , 28.032276380361512      
0.967900765544357       , 0.012397199056749741    , 1.0009265849687956      , 28.006326139529442      
0.9803096006605188      , 0.012408835116161754    , 1.0009386039022805      , 27.980063942327117      
0.9927302320365925      , 0.012420631376073743    , 1.0009506339476317      , 27.95349040539295       
1.0051628204465715      , 0.012432588409978962    , 1.0009626752089473      , 27.92660615397848       
1.017607527247037       , 0.01244470680046561     , 1.0009747278754053      , 27.89941181957053       
1.030064514385657       , 0.01245698713861998     , 1.0009867920836761      , 27.87190804135837       
1.0425339444097972      , 0.012469430024140138    , 1.000998867975193       , 27.84409546609907       
1.0550159804756731      , 0.012482036065875945    , 1.0010109557302462      , 27.81597474703617       
1.0675107863567348      , 0.012494805881061666    , 1.001023055462933       , 27.787546545741048      
1.0800185264531308      , 0.012507740096395992    , 1.0010351673693412      , 27.758811529833675      
1.0925393658002918      , 0.012520839347160972    , 1.0010472915701818      , 27.72977037507678       
1.1050734700782812      , 0.0125341042779894      , 1.0010594282428387      , 27.70042376380281       
1.1176210056207196      , 0.012547535542438482    , 1.0010715775257006      , 27.670772385995196      
1.1301821394241074      , 0.012561133803387747    , 1.0010837395840222      , 27.640816938544187      
1.142757039157118       , 0.012574899733010625    , 1.001095914575734       , 27.610558125450353      
1.1553458731698925      , 0.012588834012774441    , 1.0011081026536726      , 27.57999665796538       
1.1679488105034181      , 0.012602937333525688    , 1.0011203039723087      , 27.54913325454665       
1.1805660208991924      , 0.012617210395774237    , 1.0011325187034439      , 27.517968640380637      
1.193197674808573       , 0.012631653909380702    , 1.0011447469887087      , 27.48650354821369       
1.2058439434026127      , 0.012646268594039611    , 1.0011569890026877      , 27.454738717445945      
1.2185049985817216      , 0.012661055179108871    , 1.001169244900921       , 27.42267489465575       
1.2311810129853598      , 0.012676014403638192    , 1.0011815148356673      , 27.390312833689176      
1.24387216000207        , 0.012691147016710147    , 1.001193798980507       , 27.35765329507645       
1.2565786137794248      , 0.012706453777354909    , 1.0012060974965153      , 27.324697046375775      
1.2693005492339466      , 0.012721935454521827    , 1.001218410536739       , 27.291444862392602      
1.2820381420613955      , 0.012737592827448907    , 1.0012307382774461      , 27.257897524546436      
1.2947915687468878      , 0.012753426685492286    , 1.0012430808754742      , 27.22405582140201       
1.307561006575213       , 0.01276943782832518     , 1.0012554384972556      , 27.189920548408214      
1.3203466336412646      , 0.012785627066051575    , 1.0012678113119815      , 27.15549250782437       
1.3331486288604708      , 0.01280199521920622     , 1.0012801994825975      , 27.12077250889084       
1.3459671719793107      , 0.012818543118839898    , 1.001292603172422       , 27.08576136781933       
1.3588024435861712      , 0.012835271606860488    , 1.0013050225650062      , 27.05045990724658       
1.371654625121863       , 0.012852181535691898    , 1.0013174578107387      , 27.014868957132926      
1.3845238988906203      , 0.012869273768757239    , 1.0013299090911434      , 26.978989353921285      
1.3974104480709286      , 0.012886549180308293    , 1.0013423765677434      , 26.942821941078698      
1.410314456726752       , 0.012904008655823418    , 1.0013548604262346      , 26.90636756844649       
1.423236109818447       , 0.012921653091694907    , 1.0013673608211295      , 26.869627093081053      
1.4361755932141023      , 0.012939483395655316    , 1.0013798779331005      , 26.832601378551107      
1.4491330937009934      , 0.01295750048689115     , 1.001392411944505       , 26.79529129489561       
1.462108798996809       , 0.012975705295815487    , 1.001404963012948       , 26.757697719288362      
1.4751028977613032      , 0.01299409876449431     , 1.001417531321766       , 26.719821535350007      
1.4881155796081202      , 0.013012681846817031    , 1.0014301170600226      , 26.681663632998674      
1.5011470351161336      , 0.013031455508013323    , 1.001442720372118       , 26.643224909642612      
1.5141974558417814      , 0.013050420725647882    , 1.00145534147148        , 26.604506268342043      
1.5272670343307482      , 0.013069578488966727    , 1.0014679805135474      , 26.565508619356358      
1.5403559641301854      , 0.01308892979943721     , 1.0014806376874985      , 26.52623287924798       
1.5534644398009334      , 0.013108475670748021    , 1.0014933131745922      , 26.48667997109594       
1.566592656929771       , 0.013128217128837605    , 1.0015060071502926      , 26.44685082465129       
1.5797408121418357      , 0.013148155212064694    , 1.0015187197950355      , 26.406746376207263      
1.5929091031134135      , 0.01316829097157779     , 1.001531451309201       , 26.366367568076257      
1.6060977285843592      , 0.01318862547094568     , 1.0015442018567011      , 26.32571534955449       
1.6193068883710282      , 0.013209159786669034    , 1.0015569716320014      , 26.28479067611868       
1.6325367833792086      , 0.013229895008180392    , 1.0015697608209937      , 26.243594509655377      
1.6457876156171665      , 0.013250832237957866    , 1.0015825696095493      , 26.202127818464348      
1.6590595882088337      , 0.013271972591667236    , 1.0015953981855428      , 26.16039157720898       
1.6723529054071946      , 0.01329331719836091     , 1.0016082467429954      , 26.118386766759045      
1.6856677726075588      , 0.013314867200364233    , 1.0016211154583734      , 26.076114374651986      
1.6990043963614028      , 0.013336623753843924    , 1.0016340045418624      , 26.033575394216914      
1.7123629843898698      , 0.013358588028467011    , 1.0016469141687196      , 25.990770825488475      
1.7257437455977822      , 0.013380761207912428    , 1.001659844543313       , 25.947701674452624      
1.739146890087568       , 0.013403144489785745    , 1.0016727958541014      , 25.904368953464154      
1.7525726291733577      , 0.0134257390857897      , 1.0016857682927447      , 25.8607736811666        
1.766021175395565       , 0.01344854622220737     , 1.001698762077226       , 25.816916881816876      
1.779492742534842       , 0.013471567139276885    , 1.0017117773690292      , 25.77279958674776       
1.7929875456269997      , 0.013494803092157781    , 1.0017248143917237      , 25.72842283276945       
1.8065058009778454      , 0.01351825535084572     , 1.0017378733522662      , 25.683787662605347      
1.8200477261776769      , 0.01354192519983144     , 1.001750954422106       , 25.638895125806908      
1.833613540116687       , 0.01356581393901024     , 1.001764057829761       , 25.59374627729353       
1.8472034629999996      , 0.01358992288331251     , 1.0017771837657998      , 25.5483421783311        
1.8608177163630444      , 0.013614253363044782    , 1.0017903324353774      , 25.502683896162626      
1.874456523087133       , 0.013638806724088681    , 1.0018035040474969      , 25.456772503915605      
1.888120107415176       , 0.013663584328043044    , 1.0018166988106518      , 25.4106090806209        
1.9018086949674         , 0.013688587552223908    , 1.0018299169222784      , 25.364194711498367      
1.9155225127575193      , 0.013713817790119265    , 1.001843158601945       , 25.31753048740051       
1.9292617892089652      , 0.013739276451445903    , 1.00185642406194        , 25.27061750500414       
1.9430267541710293      , 0.013764964962064141    , 1.0018697134968513      , 25.223456867262176      
1.9568176389356893      , 0.01379088476465995     , 1.0018830271393528      , 25.17604968244843       
1.9706346762542353      , 0.013817037318546       , 1.0018963651957318      , 25.128397064830157      
1.9844781003540959      , 0.013843424099860613    , 1.001909727874817       , 25.08050013460874       
1.9983481469561468      , 0.013870046602050934    , 1.001923115408318       , 25.03236001735281       
2.0122450532917355      , 0.01389690633558871     , 1.0019365279950685      , 24.98397784482813       
2.026169058120445       , 0.013924004828709258    , 1.0019499658748616      , 24.9353547539803        
2.0401204017475436      , 0.013951343627098822    , 1.0019634292522792      , 24.88649188782114       
2.0540993260419214      , 0.013978924294377748    , 1.001976918353968       , 24.837390394884824      
2.068106074454363       , 0.014006748412441539    , 1.0019904334180407      , 24.788051428952524      
2.082140892035369       , 0.01403481758100611     , 1.0020039746369427      , 24.73847615019093       
2.096204025454142       , 0.014063133418773077    , 1.0020175422732454      , 24.6886657234239        
2.110295723016918       , 0.014091697562776062    , 1.0020311365292784      , 24.63862131963054       
2.124416234686066       , 0.014120511669148073    , 1.0020447576485125      , 24.588344114937268      
2.1385658120989888      , 0.014149577412922554    , 1.0020584058464388      , 24.53783529131467       
2.152744708587761       , 0.014178896488772352    , 1.0020720813770043      , 24.487096035642303      
2.166953179198373       , 0.014208470610611812    , 1.0020857844517645      , 24.436127540756456      
2.181191480710737       , 0.01423830151236416     , 1.0020995153222239      , 24.384931004481174      
2.1954598716585565      , 0.014268390947819398    , 1.0021132742152643      , 24.333507630239254      
2.2097586123496455      , 0.014298740691089051    , 1.0021270613750803      , 24.281858626639366      
2.22408796488628        , 0.014329352536634588    , 1.0021408770329414      , 24.22998520779948       
2.238448193186059       , 0.01436022829977901     , 1.0021547214408666      , 24.177888592853574      
2.252839563002823       , 0.0143913698167637      , 1.0021685948394823      , 24.125570006238476      
2.267262341947699       , 0.014422778944876313    , 1.002182497462891       , 24.073030677859947      
2.28171679951069        , 0.014454457562990797    , 1.0021964295671146      , 24.020271842574786      
2.2962032070824563      , 0.014486407571766335    , 1.0022103914059939      , 23.967294740256         
2.310721837976047       , 0.014518630893590512    , 1.0022243832133357      , 23.914100616283122      
2.3252729674492514      , 0.014551129473204583    , 1.0022384052499342      , 23.860690720906387      
2.3398568727270117      , 0.014583905277760323    , 1.0022524577639211      , 23.807066309561232      
2.3544738330243007      , 0.014616960297288983    , 1.0022665410189593      , 23.753228642510262      
2.369124129569002       , 0.014650296544701291    , 1.002280655261716       , 23.69917898525918       
2.3838080456252726      , 0.014683916056270618    , 1.0022948007548342      , 23.644918608189112      
2.3985258665170477      , 0.01471782089177509     , 1.0023089777532468      , 23.590448786751395      
2.4132778796520427      , 0.014752013134994968    , 1.0023231865281759      , 23.535770801096053      
2.428064374545812       , 0.014786494893769486    , 1.0023374273367964      , 23.480885936416072      
2.4428856428461643      , 0.01482126830035213     , 1.0023517004423608      , 23.42579548281648       
2.4577419783579586      , 0.014856335511794327    , 1.0023660061157764      , 23.370500735148358      
2.4726336770681883      , 0.014891698710229662    , 1.002380344628543       , 23.315002993009482      
2.487561037171261       , 0.014927360103072829    , 1.002394716246755       , 23.259303560884028      
2.50252435909465        , 0.014963321923389117    , 1.0024091212423345      , 23.20340374802021       
2.517523945524971       , 0.014999586430320733    , 1.002423559896478       , 23.147304868230016      
2.5325601014343135      , 0.015036155909342597    , 1.0024380324878785      , 23.091008239963116      
2.5476331341065617      , 0.015073032672248132    , 1.0024525392745245      , 23.034515186797865      
2.5627433531648194      , 0.015110219058257712    , 1.002467080568202       , 22.977827036217302      
2.5778910705983833      , 0.015147717433563912    , 1.0024816566299684      , 22.920945120793146      
2.593076600790539       , 0.015185530192155738    , 1.0024962677550375      , 22.863870777416135      
2.6083002605464003      , 0.015223659755861263    , 1.0025109142205137      , 22.806605347726883      
2.6235623691213874      , 0.01526210857498711     , 1.002525596324566       , 22.749150177651206      
2.638863248249976       , 0.015300879128588463    , 1.002540314361601       , 22.6915066175044        
2.654203222174516       , 0.015339973924540118    , 1.0025550686090063      , 22.633676022393164      
2.6695826176749478      , 0.01537939550043177     , 1.002569859380829       , 22.57565975140262       
2.6850017640984163      , 0.015419146423468533    , 1.0025846869622181      , 22.517459168268115      
2.700460993389555       , 0.015459229291138854    , 1.0025995516593131      , 22.45907564091912       
2.715960640120997       , 0.015499646731441885    , 1.0026144537700983      , 22.400510541681296      
2.731501041524467       , 0.015540401403470128    , 1.0026293936071182      , 22.34176524696918       
2.747082537521976       , 0.01558149599750891     , 1.0026443714658235      , 22.282841137687203      
2.7627054707577514      , 0.01562293323577535     , 1.0026593876655403      , 22.223739598716197      
2.7783701866302692      , 0.01566471587251783     , 1.002674442507813       , 22.164462019328898      
2.794077033325067       , 0.015706846694797605    , 1.0026895363198822      , 22.10500979264024       
2.809826361847584       , 0.015749328522517203    , 1.0027046694059647      , 22.045384316137646      
2.825618526056701       , 0.015792164209116777    , 1.0027198420896695      , 21.98558699127269       
2.8414538826986444      , 0.015835356641943577    , 1.002735054692622       , 21.925619223526745      
2.8573327914412943      , 0.015878908742649855    , 1.0027503075359174      , 21.865482422443826      
2.8732556149090556      , 0.015922823467761305    , 1.0027656009504922      , 21.8051780014374        
2.889222718718031       , 0.01596710380897548     , 1.0027809352596184      , 21.744707377979896      
2.9052344715117897      , 0.01601175279375866     , 1.0027963107973332      , 21.68407197339055       
2.9212912449976045      , 0.0160567734858148      , 1.0028117278998767      , 21.62327321281143       
2.937393413983017       , 0.01610216898541239     , 1.0028271868964018      , 21.562312525383543      
2.9535413564131687      , 0.01614794243015183     , 1.002842688136046       , 21.501191343839558      
2.9697354534083047      , 0.016194096995135965    , 1.0028582319502177      , 21.439911104909676      
2.9859760893021416      , 0.016240635893836952    , 1.0028738186954769      , 21.378473248806504      
3.002263651680323       , 0.01628756237818152     , 1.0028894487045532      , 21.316879219759855      
3.018598531419883       , 0.016334879739559938    , 1.0029051223430343      , 21.255130465340883      
3.034981122728823       , 0.01638259130893971     , 1.0029208399535519      , 21.19322843697741       
3.051411823186413       , 0.01643070045759032     , 1.0029366018930326      , 21.131174589675368      
3.0678910337840364      , 0.01647921059762325     , 1.002952408520753       , 21.06897038199607       
3.0844191589666963      , 0.016528125182659892    , 1.002968260205601       , 21.00661727588178       
3.100996606674798       , 0.016577447708101545    , 1.0029841573013616      , 20.944116737000492      
3.1176237883867657      , 0.016627181711967864    , 1.0030001001808024      , 20.88147023437492       
3.13430111916216        , 0.01667733077539424     , 1.0030160892143423      , 20.818679240460916      
3.1510290176853744      , 0.016727898523214435    , 1.0030321247747154      , 20.755745231127932      
3.1678079063099176      , 0.016778888624543242    , 1.0030482072364346      , 20.69266968565098       
3.1846382111034757      , 0.01683030479355807     , 1.0030643369871124      , 20.62945408646987       
3.2015203618933157      , 0.01688215078984001     , 1.0030805144005346      , 20.566099919505003      
3.2184547923125137      , 0.016934430419198065    , 1.0030967398650128      , 20.50260867388782       
3.2354419398469076      , 0.016987147534393898    , 1.003113013776718       , 20.43898184183211       
3.2524822458824048      , 0.01704030603549711     , 1.0031293365172453      , 20.37522091896346       
3.2695761557532705      , 0.017093909870865787    , 1.0031457084900361      , 20.311327403905093      
3.2867241187909713      , 0.01714796303770072     , 1.0031621300944764      , 20.247302798394312      
3.3039265883736277      , 0.017202469582656477    , 1.0031786017287254      , 20.1831486073399        
3.321184021976336       , 0.01725743360270826     , 1.003195123804038       , 20.118866338591207      
3.3384968812219995      , 0.017312859245663503    , 1.0032116967233498      , 20.05445750313982       
3.3558656319330993      , 0.01736875071109978     , 1.0032283209054724      , 19.98992361483525       
3.3732907441840894      , 0.017425112250990082    , 1.0032449967661914      , 19.925266190481633      
3.3907726923544885      , 0.017481948170399164    , 1.0032617247217934      , 19.860486749862755      
3.4083119551828815      , 0.01753926282839302     , 1.0032785052006334      , 19.79558681553842       
3.4259090158215315      , 0.017597060638649964    , 1.0032953386252572      , 19.730567912996463      
3.4435643618920153      , 0.0176553460704838      , 1.003312225435299       , 19.665431570353004      
3.4612784855412713      , 0.017714123649255953    , 1.003329166051886       , 19.600179318754133      
3.4790518834989257      , 0.017773397957654424    , 1.0033461609262821      , 19.534812691822516      
3.4968850571351595      , 0.017833173636233823    , 1.0033632104970482      , 19.46933322594648       
3.5147785125194417      , 0.01789345538428222     , 1.0033803152079401      , 19.403742460217256      
3.532732760480229       , 0.017954247960787484    , 1.0033974755126762      , 19.338041936275655      
3.550748316665363       , 0.01801555618513362     , 1.0034146918589981      , 19.272233198468133      
3.5688257016036857      , 0.018077384938322894    , 1.0034319647172645      , 19.206317793452435      
3.586965440767159       , 0.018139739163473223    , 1.0034492945391755      , 19.14029727059876       
3.605168064634171       , 0.01820262386701188     , 1.0034666817958047      , 19.074173181659877      
3.6234341087536563      , 0.018266044119485514    , 1.0034841269553765      , 19.00794708086905       
3.6417641138102255      , 0.01833000505656912     , 1.0035016304934563      , 18.941620524843785      
3.6601586256903147      , 0.018394511880089226    , 1.0035191928928022      , 18.875195072494407      
3.678618195549177       , 0.018459569858862324    , 1.003536814632386       , 18.80867228514057       
3.6971433798789803      , 0.018525184329803324    , 1.0035544962013023      , 18.7420537263656        
3.7157347405779433      , 0.018591360698962944    , 1.0035722380939096      , 18.67534096196452       
3.7343928450203805      , 0.018658104442437207    , 1.0035900408020153      , 18.608535560038227      
3.7531182661279843      , 0.01872542110760378     , 1.003607904831611       , 18.541639090776627      
3.7719115824420726      , 0.018793316314088315    , 1.0036258306872985      , 18.474653126533248      
3.7907733781970023      , 0.018861795754929744    , 1.0036438188820402      , 18.40757924171962       
3.8097042433944353      , 0.018930865197432922    , 1.0036618699195237      , 18.340419013024366      
3.8287047738792808      , 0.019000530484845513    , 1.0036799843370094      , 18.27317401884756       
3.8477755714162356      , 0.019070797536954842    , 1.0036981626468469      , 18.205845839808525      
3.8669172437678014      , 0.01914167235156583     , 1.0037164053822945      , 18.13843605841463       
3.8861304047734393      , 0.019213161005637858    , 1.0037347130783052      , 18.070946259083478      
3.9054156744299036      , 0.019285269656464266    , 1.0037530862727506      , 18.003378028142915      
3.92477367897294        , 0.0193580045430366      , 1.0037715255149648      , 17.935732953678517      
3.944205050959937       , 0.019431371986996737    , 1.0037900313432113      , 17.868012625785894      
3.9637104293544354      , 0.019505378394498507    , 1.0038086043307335      , 17.800218636000817      
3.983290459611254       , 0.01958003025681876     , 1.0038272450198304      , 17.732352577907143      
4.002945793763445       , 0.019655334152190562    , 1.0038459539839362      , 17.664416046638667      
4.022677090510456       , 0.01973129674701113     , 1.003864731794046       , 17.596410638981112      
4.0424850153076335      , 0.019807924797177634    , 1.0038835790241771      , 17.528337953376692      
4.062370240457227       , 0.019885225149593566    , 1.003902496258818       , 17.460199589799284      
4.082333445200675       , 0.019963204743447704    , 1.0039214840801405      , 17.391997149854284      
4.1023753158125515      , 0.02004187061187679     , 1.0039405430861448      , 17.323732236563274      
4.1224965456958955      , 0.020121229883343972    , 1.0039596738749603      , 17.25540645442387       
4.142697835478927       , 0.020201289783031484    , 1.0039788770443792      , 17.18702140947645       
4.162979893113658       , 0.020282057634730677    , 1.003998153215298       , 17.118578708969853      
4.183343433975637       , 0.02036354086197889     , 1.0040175029928267      , 17.050079961695804      
4.203789180965714       , 0.020445746990077396    , 1.0040369270087008      , 16.981526777598344      
4.224317864613084       , 0.02052868364737037     , 1.0040564258832523      , 16.912920768033498      
4.244930223180205       , 0.020612358567120737    , 1.0040760002534836      , 16.844263545552085      
4.265627002769378       , 0.02069677958917282     , 1.0040956507610315      , 16.77555672388916       
4.286408957431149       , 0.02078195466177135     , 1.0041153780582892      , 16.706801917852246      
4.307276849274004       , 0.020867891842854647    , 1.0041351827815013      , 16.638000743658463      
4.328231448576531       , 0.0209545993025273      , 1.00415506560632        , 16.56915481834696       
4.349273533901055       , 0.021042085324523896    , 1.0041750271973011      , 16.50026576003611       
4.370403892208856       , 0.021130358307800634    , 1.0041950682128382      , 16.43133518809405       
4.3916233189780485      , 0.02121942676919275     , 1.0042151893543252      , 16.362364722504164      
4.412932618322571       , 0.02130929934452297     , 1.0042353912906214      , 16.293355984472537      
4.434332603113589       , 0.021399984791017346    , 1.004255674718732       , 16.224310596040112      
4.455824095102955       , 0.02149149198936584     , 1.0042760403449869      , 16.15523018000785       
4.477407925048496       , 0.02158382994554131     , 1.0042964888720225      , 16.08611636007274       
4.499084932841427       , 0.021677007792931136    , 1.0043170210117909      , 16.016970760753328      
4.520855967636024       , 0.021771034794596744    , 1.0043376374896296      , 15.94779500725294       
4.542721887981315       , 0.021865920345291556    , 1.0043583390311959      , 15.878590725533465      
4.564683561955206       , 0.021961673973891038    , 1.0043791263796542      , 15.809359542117143      
4.586741867300418       , 0.022058305345211693    , 1.0044000002657145      , 15.740103084363572      
4.608897691563342       , 0.022155824262924284    , 1.004420961455852       , 15.67082297998757       
4.63115193223463        , 0.022254240671287562    , 1.0044420106963914      , 15.601520857458764      
4.65350549689262        , 0.022353564657990432    , 1.0044631487620703      , 15.53219834564019       
4.675959303348975       , 0.02245380645635464     , 1.004484376424875       , 15.462857073916707      
4.698514279796825       , 0.022554976447850095    , 1.004505694466197       , 15.393498672134262      
4.721171364961506       , 0.022657085164681234    , 1.0045271036778614      , 15.324124770525609      
4.743931508253951       , 0.022760143292444468    , 1.0045486048630776      , 15.254736999624148      
4.76679566992641        , 0.02286416167245875     , 1.0045701988198295      , 15.185336990431763      
4.7897648212313015      , 0.022969151304891966    , 1.0045918863738479      , 15.115926374086508      
4.812839944582464       , 0.023075123351162574    , 1.004613668344291       , 15.046506782053987      
4.83602203371926        , 0.02318208913679598     , 1.0046355455615805      , 14.9770798460482        
4.85931209387374        , 0.023290060154479875    , 1.004657518873591       , 14.907647197863318      
4.8827111419405185      , 0.023399048066778505    , 1.0046795891283975      , 14.838210469465531      
4.906220206649579       , 0.023509064709060112    , 1.0047017571812165      , 14.768771292981013      
4.9298403287424435      , 0.023620122092864904    , 1.0047240239107424      , 14.699331300445783      
4.953572561150963       , 0.02373223240851985     , 1.0047463901843594      , 14.62989212406986       
4.977417969179669       , 0.023845408028705606    , 1.0047688568962914      , 14.560455395941782      
5.001377630690968       , 0.02395966151129869     , 1.0047914249341234      , 14.491022748224987      
5.025452636294261       , 0.024075005603293675    , 1.0048140952216955      , 14.421595812733683      
5.049644089537537       , 0.024191453243275873    , 1.0048368686554434      , 14.352176221430842      
5.073953107103122       , 0.024309017565585123    , 1.0048597461726252      , 14.28276560594286       
5.098380819006593       , 0.024427711903470595    , 1.004882728706137       , 14.213365597728012      
5.1229283687993785      , 0.024547549792785617    , 1.0049058172041891      , 14.143977827963917      
5.147596913774805       , 0.0246685449754267      , 1.0049290126168373      , 14.074603927627653      
5.172387625178217       , 0.024790711403412047    , 1.0049523159192018      , 14.005245527250722      
5.197301688420538       , 0.024914063242320594    , 1.0049757280822353      , 13.935904257087389      
5.2223403032958515      , 0.02503861487531367     , 1.0049992500934775      , 13.866581746992523      
5.2475046842031645      , 0.02516438090731299     , 1.005022882960004       , 13.797279626263354      
5.272796060371661       , 0.025291376168496527    , 1.0050466276778791      , 13.727999523904108      
5.298215676090649       , 0.025419615718988098    , 1.0050704852767682      , 13.658743068277246      
5.323764790943585       , 0.025549114852935872    , 1.005094456791927       , 13.589511887144807      
5.349444680046034       , 0.025679889102448783    , 1.0051185432554381      , 13.520307607827315      
5.3752566342885615      , 0.02581195424252769     , 1.0051427457319633      , 13.451131856880268      
5.401201960583705       , 0.0259453262951439      , 1.0051670652815767      , 13.381986260276259      
5.427281982117847       , 0.026080021534141906    , 1.0051915029884675      , 13.312872443202286      
5.453498038607478       , 0.026216056489630546    , 1.0052160599373183      , 13.243792030175511      
5.479851486560534       , 0.026353447953056275    , 1.0052407372359788      , 13.174746644859212      
5.506343699542413       , 0.026492212981878538    , 1.0052655359962555      , 13.1057379101359        
5.532976068447056       , 0.026632368904643045    , 1.005290457345348       , 13.03676744803087       
5.559750001773267       , 0.026773933326211363    , 1.0053155024277107      , 12.967836879615119      
5.586666925906002       , 0.02691692413273472     , 1.005340672391358       , 12.898947825088102      
5.61372828540317        , 0.027061359497167814    , 1.0053659684041476      , 12.830101903651117      
5.640935543287867       , 0.027207257884697356    , 1.0053913916462627      , 12.76130073348118       
5.668290181346194       , 0.02735463805832694     , 1.0054169433117506      , 12.69254593168744       
5.695793700430642       , 0.027503519084447703    , 1.005442624603671       , 12.623839114330998      
5.723447620769406       , 0.027653920338764237    , 1.0054684367427578      , 12.55518189633706       
5.751253482281726       , 0.027805861512320007    , 1.0054943809664043      , 12.486575891423659      
5.7792128448991065      , 0.027959362617380634    , 1.005520458518885       , 12.418022712154636      
5.807327288892935       , 0.028114443993828786    , 1.0055466706652227      , 12.34952396982176       
5.835598415208352       , 0.02827112631541695     , 1.0055730186811647      , 12.281081274454325      
5.8640278458047135      , 0.02842943059636127     , 1.0055995038605163      , 12.212696234740582      
5.892617224002535       , 0.028589378197821702    , 1.0056261275060818      , 12.144370458062431      
5.921368214837486       , 0.028750990834950585    , 1.0056528909446936      , 12.076105550349697      
5.950282505421114       , 0.0289142905836286      , 1.0056797955108907      , 12.00790311613546       
5.979361805308741       , 0.02907929988762703     , 1.005706842556665       , 11.939764758495109      
6.008607846874781       , 0.02924604156604005     , 1.0057340334553229      , 11.871692078943159      
6.038022385695172       , 0.029414538820390135    , 1.0057613695846532      , 11.803686677532447      
6.067607200937829       , 0.029584815242657214    , 1.0057888523531446      , 11.735750152645387      
6.097364095760469       , 0.02975689482263988     , 1.0058164831712233      , 11.667884101127397      
6.127294897716723       , 0.029930801956254527    , 1.0058442634774625      , 11.600090118114824      
6.1574014591702735      , 0.030106561453550285    , 1.005872194722769       , 11.53236979705156       
6.187685657717182       , 0.03028419854690867     , 1.0059002783706286      , 11.464724729703677      
6.218149396617122       , 0.030463738899939585    , 1.0059285159140936      , 11.397156505982545      
6.248794605232945       , 0.030645208615823094    , 1.0059569088508655      , 11.329666714056227      
6.279623239479321       , 0.03082863424637594     , 1.0059854587009773      , 11.262256940260501      
6.310637282280723       , 0.031014042801402297    , 1.0060141670093008      , 11.194928768986589      
6.341838744038512       , 0.031201461757788707    , 1.0060430353303678      , 11.127683782742318      
6.373229663107594       , 0.0313909190690822      , 1.0060720652373347      , 11.060523562114085      
6.404812106283117       , 0.03158244317552317     , 1.0061012583295021      , 10.993449685649551      
6.4365881692970675      , 0.031776063013950306    , 1.006130616220888       , 10.926463729870264      
6.468559977325128       , 0.03197180802806088     , 1.0061601405443032      , 10.85956726924142       
6.500729685504055       , 0.032169708178926726    , 1.0061898329519605      , 10.79276187613784       
6.533099479459906       , 0.03236979395585138     , 1.006219695118519       , 10.726049120780326      
6.5656715758472615      , 0.03257209638735503     , 1.0062497287372163      , 10.65943057121703       
6.598448222899805       , 0.03277664705254324     , 1.006279935523819       , 10.592907793265562      
6.63143170099238        , 0.03298347809257507     , 1.0063103172115275      , 10.526482350512284      
6.664624323215008       , 0.03319262222262864     , 1.0063408755579557      , 10.460155804240765      
6.69802843595896        , 0.03340411274395194     , 1.0063716123391757      , 10.393929713426173      
6.7316464195153145      , 0.03361798355635415     , 1.006402529354441       , 10.327805634683155      
6.765480688686324       , 0.03383426917100962     , 1.0064336284266697      , 10.261785122212512      
6.799533693409813       , 0.034053004723489266    , 1.0064649114001571      , 10.195869727774904      
6.833807919396833       , 0.034274225987019236    , 1.006496380138149       , 10.130061000691772      
6.868305888783198       , 0.03449796938636496     , 1.006528036531896       , 10.06436048775752       
6.903030160795041       , 0.03472427201184303     , 1.006559882494635       , 9.998769733216704       
6.937983332428686       , 0.03495317163364575     , 1.006591919960904       , 9.933290278750755       
6.973168039145406       , 0.035184706716719916    , 1.0066241508925413      , 9.867923663408261       
7.008586955581194       , 0.03541891643578765     , 1.006656577272433       , 9.802671423600792       
7.04424279627213        , 0.03565584069093575     , 1.0066892011103057      , 9.737535093044755       
7.08013831639559        , 0.035895520123460756    , 1.0067220244392088      , 9.672516202741285       
7.11627631252793        , 0.03613799613233937     , 1.0067550493221613      , 9.607616280895437       
7.152659623418543       , 0.03638331089061353     , 1.0067882778385333      , 9.542836852969684       
7.189291130781413       , 0.0366315073628698      , 1.0068217121031802      , 9.4781794415571         
7.2261737601040466      , 0.03688262932263342     , 1.0068553542521748      , 9.413645566395045       
7.263310481474463       , 0.037136721370416126    , 1.0068892064489225      , 9.349236744323548       
7.300704310426823       , 0.037393828952360764    , 1.0069232708881364      , 9.284954489210724       
7.3383583088056525      , 0.0376539983788291      , 1.0069575497818046      , 9.220800312011821       
7.376275585650049       , 0.0379172768443965      , 1.0069920453843602      , 9.156775720598986       
7.414459298097299       , 0.03818371244724972     , 1.007026759963449       , 9.092882219864087       
7.452912652307404       , 0.03845335421010532     , 1.007061695827196       , 9.029121311574892       
7.491638904408433       , 0.038726252101028535    , 1.0070968553076574      , 8.96549449438663        
7.530641361463282       , 0.03900245705484906     , 1.0071322407626735      , 8.902003263838827       
7.569923382458995       , 0.03928202099571365     , 1.0071678545910951      , 8.838649112220716       
7.609488379318208       , 0.03956499685921244     , 1.0072036992070665      , 8.775433528668582       
7.649339817934404       , 0.03985143861619633     , 1.0072397770686843      , 8.71235799901316        
7.689481219230714       , 0.040141401296310164    , 1.0072760906552565      , 8.649424005830982       
7.72991616024369        , 0.0404349410129754      , 1.007312642488448       , 8.586633028315411       
7.770648275231736       , 0.040732114988045964    , 1.0073494351079975      , 8.523986542360888       
7.81168125680982        , 0.041032981578084105    , 1.0073864710959997      , 8.46148602044169        
7.853018857110783       , 0.04133760030096312     , 1.0074237530679884      , 8.399132931572485       
7.894664888973523       , 0.041646031862740074    , 1.0074612836626071      , 8.33692874135827        
7.936623227159686       , 0.04195833818616279     , 1.0074990655640863      , 8.274874911859621       
7.9788978095988625      , 0.04227458243917681     , 1.0075371014841172      , 8.212972901613853       
8.021492638663275       , 0.04259482906441292     , 1.0075753941673313      , 8.151224165613057       
8.064411782473158       , 0.0429191438098826      , 1.0076139464013165      , 8.089630155204853       
8.107659376232903       , 0.04324759375974452     , 1.007652760999074       , 8.02819231813953        
8.151239623599537       , 0.04358024736663424     , 1.0076918408163407      , 7.9669120984802415      
8.195156798084113       , 0.04391717448457655     , 1.0077311887449327      , 7.905790936571627       
8.239415244486622       , 0.044258446402508866    , 1.0077708077064969      , 7.84483026906065        
8.284019380366175       , 0.04460413587955259     , 1.007810700671683       , 7.784031528770481       
8.32897369754643        , 0.044954317180256       , 1.007850870637849       , 7.723396144753162       
8.374282763657988       , 0.04530906611155672     , 1.0078913206462077      , 7.662925542211556       
8.419951223718414       , 0.04566846006042624     , 1.0079320537745062      , 7.60262114248219        
8.465983801751264       , 0.046032578032850324    , 1.0079730731437473      , 7.542484362970654       
8.51238530244457        , 0.04640150069330673     , 1.0080143819056393      , 7.482516617185239       
8.559160612850846       , 0.04677531040627514     , 1.0080559832631089      , 7.422719314619907       
8.606314704128863       , 0.04715409127801706     , 1.0080978804512883      , 7.363093860783665       
8.653852633328967       , 0.04753792920010369     , 1.0081400767501498      , 7.303641657138963       
8.701779545222806       , 0.04792691189383902     , 1.0081825754777405      , 7.244364101093532       
8.750100674179208       , 0.048321128956402504    , 1.0082253800002114      , 7.185262585923012       
8.798821346086925       , 0.04872067190771645     , 1.0082684937198887      , 7.126338500783483       
8.847946980326043       , 0.0491256342391182      , 1.0083119200853552      , 7.067593230654485       
8.897483091789283       , 0.04953611146324022     , 1.0083556625879684      , 7.009028156310783       
8.94743529295451        , 0.04995220116522603     , 1.008399724760281       , 6.9506446543080775      
8.997809296010374       , 0.05037400305586459     , 1.0084441101853225      , 6.892444096907614       
9.048610915035937       , 0.05080161902556313     , 1.0084888224829842      , 6.834427852098388       
9.099846068236587       , 0.05123515320065053     , 1.008533865325616       , 6.776597283514937       
9.151520780237234       , 0.051674712000647105    , 1.0085792424251205      , 6.718953750446682       
9.203641184435114       , 0.05212040419787911     , 1.008624957546477       , 6.661498607758846       
9.256213525413074       , 0.05257234097796015     , 1.0086710144910855      , 6.604233205927739       
9.309244161416217       , 0.05303063600314317     , 1.00871741711816        , 6.547158890936574       
9.362739566892742       , 0.05349540547652509     , 1.0087641693257152      , 6.490277004300092       
9.416706335101651       , 0.05396676820890889     , 1.008811275065307       , 6.433588882994922       
9.471151180788837       , 0.054444845687186216    , 1.0088587383336844      , 6.377095859447256       
9.526080942933717       , 0.0549297621448801      , 1.0089065631755112      , 6.320799261504938       
9.581502587568679       , 0.05542164463496135     , 1.008954753686788       , 6.264700412390462       
9.637423210673205       , 0.05592062310452661     , 1.0090033140093877      , 6.208800630690669       
9.693850041145424       , 0.05642683047221908     , 1.009052248340407       , 6.1531012302904164      
9.750790443852594       , 0.056940402707169824    , 1.0091015609179679      , 6.097603520395919       
9.808251922763986       , 0.057461478911392305    , 1.0091512560404998      , 6.042308805441556       
9.8662421241675         , 0.05799020140351274     , 1.009201338046585       , 5.987218385121326       
9.92476883997368        , 0.05852671580618107     , 1.0092518113350755      , 5.932333554300203       
9.983840011108867       , 0.05907117113518723     , 1.0093026803487348      , 5.877655603025307       
10.043463731000656      , 0.05962371989178905     , 1.0093539495829071      , 5.823185816485997       
10.103648249158596      , 0.06018451815793924     , 1.009405623586854       , 5.768925474967837       
10.164401974852723      , 0.06075372569412707     , 1.0094577069586914      , 5.714875853836945       
10.225733480893112      , 0.06133150604038917     , 1.0095102043481419      , 5.6610382235087355      
10.287651507513502      , 0.06191802662038981     , 1.0095631204558126      , 5.60741384942113        
10.350164966362485      , 0.06251345884898285     , 1.0096164600374549      , 5.554003991984348       
10.413282944604902      , 0.06311797824241694     , 1.009670227892756       , 5.500809906592865       
10.477014709138032      , 0.06373176453313079     , 1.0097244288838987      , 5.447832843534546       
10.541369710924641      , 0.06435500178660902     , 1.0097790679113279      , 5.395074048032197       
10.606357589448038      , 0.0649878785233966      , 1.0098341499373444      , 5.342534760155355       
10.67198817729198       , 0.06563058784394116     , 1.0098896799702912      , 5.290216214817168       
10.738271504849493      , 0.06628332755751387     , 1.009945663066813       , 5.238119641756601       
10.805217805165185      , 0.06694630031569204     , 1.010002104339178       , 5.186246265480592       
10.872837518914565      , 0.06761971374938014     , 1.0100590089446697      , 5.134597305259707       
10.94114129952527       , 0.06830378061070519     , 1.010116382093252       , 5.08317397508131        
11.01014001844419       , 0.06899871891891962     , 1.0101742290397542      , 5.0319774836398725      
11.079844770555624      , 0.06970475211143423     , 1.010232555090541       , 4.981009034290016       
11.150266879754867      , 0.0704221091992423      , 1.010291365596728       , 4.930269825030115       
11.221417904682298      , 0.0711510249274312      , 1.0103506659552983      , 4.879761048475667       
11.293309644623335      , 0.07189173994103726     , 1.0104104616112213      , 4.829483891817887       
11.365954145579195      , 0.07264450095586028     , 1.010470758051487       , 4.779439536806277       
11.439363706513987      , 0.07340956093479178     , 1.0105315608045318      , 4.729629159727718       
11.513550885784284      , 0.07418717927029661     , 1.010592875445687       , 4.68005393135379        
11.588528507756095      , 0.07497762197181146     , 1.0106547075827605      , 4.6307150169490985      
11.664309669616415      , 0.07578116186031991     , 1.0107170628699127      , 4.58161357620724        
11.740907748384672      , 0.07659807876825653     , 1.0107799469931902      , 4.532750763246105       
11.818336408130818      , 0.07742865974614688     , 1.0108433656724372      , 4.4841277265848305      
11.896609607407271      , 0.07827319927645249     , 1.0109073246660147      , 4.43574560909063        
11.975741606900641      , 0.07913199949337013     , 1.0109718297559864      , 4.387605547981752       
12.05574697731123       , 0.0800053704105892      , 1.0110368867564408      , 4.339708674782237       
12.136640607467285      , 0.080893630156055       , 1.011102501505927       , 4.292056115298611       
12.218437712681492      , 0.08179710521420702     , 1.0111686798627915      , 4.244648989603806       
12.301153843358122      , 0.08271613067662997     , 1.0112354277087954      , 4.197488411992359       
12.384804893858316      , 0.08365105050019395     , 1.0113027509376489      , 4.150575490970015       
12.46940711163225       , 0.08460221777393429     , 1.0113706554556434      , 4.1039113292248866      
12.554977106627007      , 0.08556999499475637     , 1.0114391471794284      , 4.057497023591926       
12.641531860978745      , 0.08655475435173798     , 1.0115082320273825      , 4.011333665035448       
12.7290887389984        , 0.0875568780196545      , 1.0115779159148686      , 3.9654223386318272      
12.81766549746122       , 0.0885767584628212      , 1.0116482047582573      , 3.9197641235170297      
12.907280296208697      , 0.08961479874747624     , 1.011719104454367       , 3.8743600928945674      
12.997951709074272      , 0.09067141286557501     , 1.0117906208892593      , 3.82921131398649        
13.089698735142662      , 0.09174702606838991     , 1.0118627599242282      , 3.784318848015747       
13.182540810353686      , 0.09284207521102417     , 1.0119355273904789      , 3.7396837501837004      
13.276497819461838      , 0.09395700910815208     , 1.0120089290830019      , 3.695307069644425       
13.371590108363165      , 0.09509228890132704     , 1.0120829707538705      , 3.651189849476373       
13.467838496801136      , 0.09624838843797079     , 1.0121576581024712      , 3.607333126660713       
13.565264291463706      , 0.09742579466256984     , 1.0122329967670873      , 3.5637379320590883      
13.663889299484396      , 0.09862500802069007     , 1.0123089923184476      , 3.5204052903819543      
13.763735842359765      , 0.09984654287536898     , 1.0123856502442325      , 3.477336220177237       
13.864826770297384      , 0.10109092793761931     , 1.0124629759470352      , 3.4345317337896875      
13.967185477006922      , 0.10235870670953773     , 1.0125409747222889      , 3.391992837358193       
14.07083591494981       , 0.10365043794288908     , 1.0126196517607133      , 3.3497205307642366      
14.175802611060192      , 0.10496669611038101     , 1.012699012118185       , 3.307715807639511       
14.2821106829536        , 0.10630807189340885     , 1.0127790607186233      , 3.265979655318408       
14.389785855637513      , 0.10767517268391202     , 1.0128598023287818      , 3.2245130548267595      
14.498854478739759      , 0.10906862310224597     , 1.0129412415471533      , 3.183316980856343       
14.609343544270729      , 0.11048906553097027     , 1.0130233827871167      , 3.1423924017411413      
14.721280704935708      , 0.11193716066497927     , 1.0131062302595284      , 3.1017402794336304      
14.834694293013811      , 0.11341358807810309     , 1.0131897879520337      , 3.061361569487584       
14.949613339821127      , 0.1149190468073158      , 1.0132740596142322      , 3.021257221025759       
15.066067595774754      , 0.11645425595362724     , 1.013359048730064       , 2.981428176727668       
15.184087551075834      , 0.11801995530107945     , 1.013444758498785       , 2.941875372806758       
15.303704457030065      , 0.11961690595423136     , 1.0135311918147905      , 2.902599738977098       
15.424950348023074      , 0.1212458909930092      , 1.013618351233739       , 2.8636021984449673      
15.547858064170072      , 0.12290771614699736     , 1.013706238952741       , 2.8248836678793183      
15.672461274658147      , 0.12460321048807543     , 1.0137948567773423      , 2.786445057394626       
15.798794501800472      , 0.1263332271423252      , 1.0138842060928706      , 2.7482872705281998      
15.926893145821737      , 0.12809864402126436     , 1.013974287832846       , 2.7104112042151267      
16.05679351039366       , 0.1299003645719239      , 1.0140651024405882      , 2.672817748773604       
16.18853282894038       , 0.13173931854672105     , 1.0141566498358745      , 2.6355077878808544      
16.322149291733012      , 0.13361646279263084     , 1.0142489293752044      , 2.5984821985509754      
16.457682073792455      , 0.13553278205944252     , 1.0143419398086129      , 2.56174185111705        
16.595171363619784      , 0.13748928982732878     , 1.014435679236837       , 2.525287609209739       
16.734658392772985      , 0.13948702915320155     , 1.0145301450635298      , 2.489120329738064       
16.87618546630891       , 0.14152707353592575     , 1.0146253339476001      , 2.453240862864768       
17.019795994107824      , 0.1436105277989128      , 1.0147212417450162      , 2.417650051994506       
17.165534523098884      , 0.14573852899106043     , 1.0148178634586407      , 2.3823487337469778      
17.31344677040292       , 0.14791224730403485     , 1.0149151931752225      , 2.347337737938141       
17.463579657407934      , 0.15013288700501448     , 1.0150132239990586      , 2.3126178875678547      
17.615981344793397      , 0.15240168738546345     , 1.015111947992935       , 2.2781899987881435      
17.770701268515126      , 0.1547199237217285      , 1.0152113560947762      , 2.2440548808985747      
17.927790176764603      , 0.1570889082494773      , 1.0153114380537671      , 2.2102133363139935      
18.087300167911664      , 0.15950999114706121     , 1.0154121823403275      , 2.176666160553522       
18.24928472943938       , 0.16198456152771712     , 1.0155135760641756      , 2.1434141422211446      
18.41379877787719       , 0.16451404843780892     , 1.015615604883796       , 2.1104580629857375      
18.5808986997356        , 0.1670999218584086      , 1.0157182529100377      , 2.0777986975613216      
18.750642393442348      , 0.16974369370674935     , 1.0158215026011856      , 2.045436813692918       
18.92308931227737       , 0.17244691883502128     , 1.0159253346574515      , 2.0133731721363124      
19.098300508299502      , 0.17521119602213275     , 1.0160297279057566      , 1.981608526638569       
19.276338677253108      , 0.1780381689536057      , 1.0161346591750668      , 1.9501436239241237      
19.457268204438833      , 0.1809295271857252      , 1.0162401031706463      , 1.9189792036741313      
19.641155211526353      , 0.18388700708752026     , 1.0163460323353368      , 1.888115998509626       
19.828067604280704      , 0.18691239275435123     , 1.0164524167027802      , 1.857554733977998       
20.01807512116811       , 0.19000751688740536     , 1.01655922374886        , 1.82729612853024        
20.21124938279766       , 0.19317426162955087     , 1.0166664182239804      , 1.7973408935079735      
20.407663942147963      , 0.19641455935030194     , 1.016773961983429       , 1.7676897331260197      
20.607394335517824      , 0.19973039336986176     , 1.0168818138050861      , 1.7383433444556096      
20.810518134129552      , 0.20312379861172758     , 1.0169899291971147      , 1.709302417407401       
21.01711499630143       , 0.20659686217187812     , 1.017098260193476       , 1.6805676347162872      
21.227266720093112      , 0.21015172379168234     , 1.0172067551386466      , 1.6521396719266024      
21.441057296313986      , 0.21379057622087316     , 1.0173153584635732      , 1.624019197372375       
21.658572961767163      , 0.21751566545317758     , 1.0174240104412082      , 1.596206872165436       
21.879902252585964      , 0.22132929081880093     , 1.0175326469368444      , 1.568703350178118       
22.10513605749952       , 0.22523380491355738     , 1.01764119913958        , 1.5415092780289004      
22.334367670843875      , 0.2292316133443535      , 1.0177495932829907      , 1.5146252950653605      
22.567692845110855      , 0.23332517426698018     , 1.0178577503464905      , 1.4880520333511873      
22.805209842802853      , 0.23751699769199774     , 1.0179655857461016      , 1.4617901176497468      
23.047019487332875      , 0.24180964453002218     , 1.0180730090045638      , 1.4358401654111566      
23.293225212680255      , 0.24620572534738017     , 1.0181799234100117      , 1.4102027867553588      
23.543933111478225      , 0.2507078987979696      , 1.0182862256522962      , 1.3848785844589107      
23.799251981174166      , 0.255318869695941       , 1.0183918054440202      , 1.359868153942089       
24.059293367865337      , 0.26004138669117083     , 1.0184965451274866      , 1.3351720832512715      
24.324171607368555      , 0.26487823950321854     , 1.018600319255304       , 1.3107909530476216      
24.594003863037884      , 0.26983225566932845     , 1.0187029941583772      , 1.2867253365938707      
24.86891015979532       , 0.27490629675743605     , 1.0188044274970807      , 1.262975799737146       
25.149013413783663      , 0.2801032539883437      , 1.0189044677848655      , 1.2395429008991397      
25.43443945699579       , 0.2854260432121265      , 1.0190029539035785      , 1.2164271910603601      
25.72531705617081       , 0.290877599175019       , 1.019099714593461       , 1.193629213747368       
26.02177792518188       , 0.2964608690110708      , 1.0191945679278398      , 1.1711495050196132      
26.323956730069085      , 0.3021788048872054      , 1.0192873207692077      , 1.148988593457439       
26.631991085796415      , 0.3080343557273295      , 1.0193777682134584      , 1.1271470001461128      
26.946021543728648      , 0.3140304579322333      , 1.0194656930092938      , 1.1056252386668959      
27.2661915687425        , 0.3201700250138515      , 1.0195508649767442      , 1.0844238150806875      
27.592647504792865      , 0.3264559360503654      , 1.0196330404017113      , 1.0635432279180068      
27.925538527663377      , 0.33289102287051264     , 1.0197119614303918      , 1.0429839681650208      
28.265016583530198      , 0.3394780558668202      , 1.0197873554519665      , 1.0227465192513332      
28.611236311865923      , 0.34621972833572556     , 1.0198589344801425      , 1.002831357037297       
28.964354951103715      , 0.35311863923779185     , 1.0199263945334058      , 0.9832389498029126      
29.32453222537444       , 0.36017727427072543     , 1.0199894150254138      , 0.9639697582336327      
29.69193021051649       , 0.36739798514204836     , 1.020047658159286       , 0.9450242354098944      
30.06671317744852       , 0.37478296693203106     , 1.020100768345606       , 0.9264028267937978      
30.4490474108825        , 0.3823342334339799      , 1.0201483716396276      , 0.9081059702176872      
30.83910100124642       , 0.3900535903639195      , 1.0201900752140538      , 0.890134095871449       
31.237043607580176      , 0.397942606333757       , 1.0202254668710447      , 0.8724876262905138      
31.643046189068826      , 0.4060025814886501      , 1.020254114604992       , 0.8551669763452134      
32.05728070278997       , 0.41423451372114073     , 1.0202755662348437      , 0.8381725532260506      
32.47991976516974       , 0.42263906237977267     , 1.0202893491011467      , 0.8215047564344986      
32.911136274584535      , 0.4312165094147957      , 1.0202949698656003      , 0.8051639777688137      
33.35110299249874       , 0.43996671791420283     , 1.0202919144057867      , 0.7891506013136814      
33.7999920805139        , 0.44888908801516436     , 1.0202796478407747      , 0.7734650034270178      
34.257974590713786      , 0.45798251019988356     , 1.0202576146925897      , 0.7581075527283057      
34.72521990673641       , 0.46724531602262687     , 1.0202252392099005      , 0.7430786100875252      
35.20189513309427       , 0.4766752263578553      , 1.0201819258788927      , 0.7283785286113147      
35.68816443039573       , 0.48626929730146173     , 1.0201270601304626      , 0.7140076536330321      
36.18418829431684       , 0.49602386392110986     , 1.0200600092865844      , 0.6999663226993862      
36.69012277642368       , 0.5059344821068379      , 1.0199801237532884      , 0.6862548655592168      
37.206118645272824      , 0.5159958688491457      , 1.0198867384970673      , 0.6728736041518695      
37.73232048662264       , 0.5262018413498168      , 1.0197791748283451      , 0.6598228525946622      
38.26886574207745       , 0.5365452554548114      , 1.0196567425124579      , 0.6471029171727374      
38.81588368607726       , 0.5470179439998049      , 1.0195187422468515      , 0.6347140963261049      
39.37349434182943       , 0.5576106557521712      , 1.0193644685125176      , 0.6226566806397478      
39.94180733757858       , 0.5683129957491531      , 1.019193212838706       , 0.6109309528322843      
40.520920705517966      , 0.5791133679393852      , 1.0190042674917104      , 0.5995371877451477      
41.11091962666865       , 0.5899989211506806      , 1.0187969296064234      , 0.5884756523331475      
41.71187512619392       , 0.6009554995252699      , 1.0185705057785879      , 0.577746605654285       
42.323842724866665      , 0.6119675986727486      , 1.0183243171186183      , 0.5673502988606202      
42.946861053764934      , 0.6230183288982687      , 1.0180577047698067      , 0.5572869751905702      
43.580950440726895      , 0.6340893869619606      , 1.017770035888462       , 0.5475568699604         
44.22611147862651       , 0.6451610378996122      , 1.017460710059662       , 0.5381602105581966      
44.88232358712699       , 0.6562121085004833      , 1.0171291661332325      , 0.5290972164372129      
45.54954358118971       , 0.6672199940627195      , 1.0167748894292585      , 0.520368099112094       
46.22770426124387       , 0.6781606800541624      , 1.0163974192752         , 0.5119730621543412      
46.9167130415005        , 0.6890087802566285      , 1.0159963567949704      , 0.5039123011911136      
47.61645063439653       , 0.6997375928960281      , 1.015571372886429       , 0.4961860039033081      
48.32676981050987       , 0.7103191761133445      , 1.0151222162775648      , 0.4887943500269488      
49.04749425445718       , 0.7207244439473044      , 1.0146487215661197      , 0.4817375113551518      
49.77841753819928       , 0.7309232837421007      , 1.0141508171124858      , 0.47501565174178556     
50.51930223377968       , 0.7408846955804052      , 1.0136285326516143      , 0.4686289271072139      
51.26987918774823       , 0.7505769539685474      , 1.0130820064794959      , 0.4625774854453488      
52.029846979313476      , 0.759967791565245       , 1.0125114920556049      , 0.4568614668325613      
52.79887158357393       , 0.7690246042604514      , 1.0119173638616352      , 0.45148100343797476     
53.57658625995241       , 0.7777146763784799      , 1.0113001223496425      , 0.4464362195359071      
54.36259168417362       , 0.7860054242212158      , 1.0106603978226858      , 0.44172723151880305     
55.15645633975626       , 0.7938646555826381      , 1.0099989530851003      , 0.4373541479122544      
55.95771718204945       , 0.8012608422931891      , 1.0093166847252102      , 0.43331706939068937     
56.76588058434355       , 0.8081634022940989      , 1.008614622900022       , 0.42961608879394714     
57.58042357157491       , 0.8145429872313628      , 1.0078939295186524      , 0.42625129114441856     
58.400795342690046      , 0.8203717711151342      , 1.0071558947472907      , 0.4232227536645366      
59.226419077927815      , 0.8256237352377696      , 1.0064019317918464      , 0.4205305457939756      
60.056694022228314      , 0.8302749443004984      , 1.0056335699474404      , 0.41817472920673754     
60.89099783081731       , 0.8343038085889987      , 1.004852445947161       , 0.4161553578272593      
61.72868915788638       , 0.8376913270690665      , 1.0040602936786263      , 0.4144724778454986      
62.56911046434617       , 0.8404213064597883      , 1.0032589323805865      , 0.41312612773057117     
63.41159101602847       , 0.8424805516823         , 1.002450253470115       , 0.41211633824270094     
64.25545003960336       , 0.8438590235748933      , 1.0016362061887847      , 0.41144313244306463     
65.10000000000007       , 0.844549960396705       , 1.0008187822876915      , 0.4111065257014659      
