   4.8037994963010533E-003
   1.4411454428511661E-002
   2.4019277181025700E-002
   3.3627379642837241E-002
   4.3235873715758544E-002
   5.2844871319820186E-002
   6.2454484398415389E-002
   7.2064824923472770E-002
   8.1676004900572252E-002
   9.1288136374402029E-002
  0.10090133143364710     
  0.11051570221638940     
  0.12013136091525212     
  0.12974841978274299     
  0.13936699113628492     
  0.14898718736353089     
  0.15860912092765034     
  0.16823290437250193     
  0.17785865032789161     
  0.18748647151494424     
  0.19711648075116273     
  0.20674879095594179     
  0.21638351515571230     
  0.22602076648922775     
  0.23566065821299276     
  0.24530330370640741     
  0.25494881647739476     
  0.26459731016740307     
  0.27424889855694801     
  0.28390369557104123     
  0.29356181528447678     
  0.30322337192717441     
  0.31288847988980706     
  0.32255725372908728     
  0.33222980817316738     
  0.34190625812732378     
  0.35158671867918656     
  0.36127130510436700     
  0.37096013287208507     
  0.38065331765051269     
  0.39035097531242968     
  0.40005322194082282     
  0.40976017383445651     
  0.41947194751355710     
  0.42918865972529829     
  0.43891042744974129     
  0.44863736790523490     
  0.45836959855432724     
  0.46810723710950697     
  0.47785040153874547     
  0.48759921007160756     
  0.49735378120487894     
  0.50711423370847797     
  0.51688068663116837     
  0.52665325930672680     
  0.53643207135974080     
  0.54621724271146377     
  0.55600889358601080     
  0.56580714451624203     
  0.57561211634987330     
  0.58542393025538786     
  0.59524270772854493     
  0.60506857059812091     
  0.61490164103224743     
  0.62474204154474933     
  0.63458989500119856     
  0.64444532462536586     
  0.65430845400538828     
  0.66417940710033463     
  0.67405830824637292     
  0.68394528216342110     
  0.69384045396157035     
  0.70374394914750837     
  0.71365589363119852     
  0.72357641373235992     
  0.73350563618737397     
  0.74344368815559392     
  0.75339069722642193     
  0.76334679142593131     
  0.77331209922357402     
  0.78328674953948507     
  0.79327087175073530     
  0.80326459569906206     
  0.81326805169715044     
  0.82328137053630712     
  0.83330468349316789     
  0.84333812233705885     
  0.85338181933718715     
  0.86343590726994535     
  0.87350051942604523     
  0.88357578961824856     
  0.89366185218847249     
  0.90375884201552026     
  0.91386689452247083     
  0.92398614568446646     
  0.93411673203610235     
  0.94425879067949836     
  0.95441245929188767     
  0.96457787613348955     
  0.97475518005552431     
  0.98494451050802923     
  0.99514600754810090     
   1.0053598118478817     
   1.0155860647028589     
   1.0258249080399651     
   1.0360764844259620     
   1.0463409370759393     
   1.0566184098615850     
   1.0669090473199958     
   1.0772129946619486     
   1.0875303977808528     
   1.0978614032614473     
   1.1082061583884695     
   1.1185648111559487     
   1.1289375102758470     
   1.1393244051872387     
   1.1497256460656047     
   1.1601413838319274     
   1.1705717701620983     
   1.1810169574962686     
   1.1914770990484840     
   1.2019523488161212     
   1.2124428615896079     
   1.2229487929623133     
   1.2334702993403539     
   1.2440075379523705     
   1.2545606668599874     
   1.2651298449675039     
   1.2757152320324963     
   1.2863169886759920     
   1.2969352763929862     
   1.3075702575629862     
   1.3182220954606692     
   1.3288909542666261     
   1.3395769990782753     
   1.3502803959208336     
   1.3610013117583719     
   1.3717399145050422     
   1.3824963730365027     
   1.3932708572011165     
   1.4040635378316892     
   1.4148745867571506     
   1.4257041768142358     
   1.4365524818594224     
   1.4474196767810099     
   1.4583059375113407     
   1.4692114410389649     
   1.4801363654211173     
   1.4910808897963079     
   1.5020451943969420     
   1.5130294605622794     
   1.5240338707511683     
   1.5350586085553743     
   1.5461038587127121     
   1.5571698071204594     
   1.5682566408488583     
   1.5793645481548992     
   1.5904937184959635     
   1.6016443425440912     
   1.6128166121998220     
   1.6240107206066625     
   1.6352268621656378     
   1.6464652325496161     
   1.6577260287184004     
   1.6690094489335081     
   1.6803156927733767     
   1.6916449611485405     
   1.7029974563172345     
   1.7143733819010265     
   1.7257729429005622     
   1.7371963457115669     
   1.7486437981411598     
   1.7601155094241676     
   1.7716116902396948     
   1.7831325527278636     
   1.7946783105067539     
   1.8062491786897965     
   1.8178453739028271     
   1.8294671143018206     
   1.8411146195906838     
   1.8527881110391604     
   1.8644878115011920     
   1.8762139454331646     
   1.8879667389126382     
   1.8997464196572764     
   1.9115532170439451     
   1.9233873621278690     
   1.9352490876624699     
   1.9471386281189780     
   1.9590562197065537     
   1.9710021003926954     
   1.9829765099235885     
   1.9949796898450245     
   2.0070118835234894     
   2.0190733361674802     
   2.0311642948490487     
   2.0432850085256860     
   2.0554357280624629     
   2.0676167062545971     
   2.0798281978498494     
   2.0920704595717723     
   2.1043437501429025     
   2.1166483303083510     
   2.1289844628597621     
   2.1413524126592165     
   2.1537524466641571     
   2.1661848339519452     
   2.1786498457449284     
   2.1911477554362193     
   2.2036788386151045     
   2.2162433730934623     
   2.2288416389321810     
   2.2414739184678467     
   2.2541404963401703     
   2.2668416595191871     
   2.2795776973335080     
   2.2923489014983147     
   2.3051555661441512     
   2.3179979878459847     
   2.3308764656524374     
   2.3437913011158571     
   2.3567427983222444     
   2.3697312639221764     
   2.3827570071616009     
   2.3958203399134277     
   2.4089215767093890     
   2.4220610347722840     
   2.4352390340489478     
   2.4484558972431500     
   2.4617119498495867     
   2.4750075201878303     
   2.4883429394369614     
   2.5017185416707690     
   2.5151346638930931     
   2.5285916460742186     
   2.5420898311871269     
   2.5556295652448284     
   2.5692111973378786     
   2.5828350796725204     
   2.5965015676094083     
   2.6102110197027599     
   2.6239637977402452     
   2.6377602667832463     
   2.6516007952078979     
   2.6654857547465269     
   2.6794155205297727     
   2.6933904711293337     
   2.7074109886013531     
   2.7214774585302450     
   2.7355902700734873     
   2.7497498160067408     
   2.7639564927698359     
   2.7782107005133270     
   2.7925128431457722     
   2.8068633283817803     
   2.8212625677904697     
   2.8357109768452204     
   2.8502089749734978     
   2.8647569856077837     
   2.8793554362373754     
   2.8940047584606390     
   2.9087053880382285     
   2.9234577649472016     
   2.9382623334356026     
   2.9531195420783831     
   2.9680298438336052     
   2.9829936960999817     
   2.9980115607749980     
   3.0130839043140725     
   3.0282111977905117     
   3.0433939169564752     
   3.0586325423048208     
   3.0739275591319881     
   3.0892794576017479     
   3.1046887328100183     
   3.1201558848506181     
   3.1356814188822284     
   3.1512658451960363     
   3.1669096792849558     
   3.1826134419133894     
   3.1983776591886368     
   3.2142028626328170     
   3.2300895892566643     
   3.2460383816337099     
   3.2620497879763235     
   3.2781243622126368     
   3.2942626640646608     
   3.3104652591277954     
   3.3267327189516891     
   3.3430656211221503     
   3.3594645493446507     
   3.3759300935289218     
   3.3924628498753719     
   3.4090634209622692     
   3.4257324158350002     
   3.4424704500963657     
   3.4592781459985815     
   3.4761561325366870     
   3.4931050455435440     
   3.5101255277864851     
   3.5272182290655110     
   3.5443838063129647     
   3.5616229236952677     
   3.5789362527159767     
   3.5963244723209300     
   3.6137882690046865     
   3.6313283369194380     
   3.6489453779851004     
   3.6666401020017645     
   3.6844132267638372     
   3.7022654781762867     
   3.7201975903726066     
   3.7382103058352527     
   3.7563043755177432     
   3.7744805589691452     
   3.7927396244606655     
   3.8110823491143151     
   3.8295095190341044     
   3.8480219294392128     
   3.8666203847998020     
   3.8853056989749177     
   3.9040786953532631     
   3.9229402069960031     
   3.9418910767824116     
   3.9609321575580623     
   3.9800643122855774     
   3.9992884141982614     
   4.0186053469562495     
   4.0380160048058258     
   4.0575212927412849     
   4.0771221266699342     
   4.0968194335800945     
   4.1166141517120707     
   4.1365072307324056     
   4.1564996319111742     
   4.1765923283027462     
   4.1967863049297023     
   4.2170825589702474     
   4.2374820999492329     
   4.2579859499325039     
   4.2785951437250134     
   4.2993107290728574     
   4.3201337668687358     
   4.3410653313614489     
   4.3621065103696708     
   4.3832584054992481     
   4.4045221323650878     
   4.4258988208171388     
   4.4473896151705787     
   4.4689956744406629     
   4.4907181725820635     
   4.5125582987326140     
   4.5345172574621984     
   4.5565962690260733     
   4.5787965696234920     
   4.6011194116612444     
   4.6235660640222136     
   4.6461378123397026     
   4.6688359592767483     
   4.6916618248112059     
   4.7146167465264739     
   4.7377020799079048     
   4.7609191986455244     
   4.7842694949425493     
   4.8077543798299445     
   4.8313752834880290     
   4.8551336555738374     
   4.8790309655557422     
   4.9030687030546005     
   4.9272483781920471     
   4.9515715219459082     
   4.9760396865130332     
   5.0006544456794444     
   5.0254173951984455     
   5.0503301531765032     
   5.0753943604671719     
   5.1006116810733033     
   5.1259838025578688     
   5.1515124364632356     
   5.1771993187394969     
   5.2030462101820376     
   5.2290548968780968     
   5.2552271906632200     
   5.2815649295874039     
   5.3080699783912451     
   5.3347442289925766     
   5.3615896009835069     
   5.3886080421383724     
   5.4158015289326329     
   5.4431720670737320     
   5.4707216920426731     
   5.4984524696484982     
   5.5263664965947044     
   5.5544659010580233     
   5.5827528432804598     
   5.6112295161746033     
   5.6398981459423680     
   5.6687609927078029     
   5.6978203511640970     
   5.7270785512356781     
   5.7565379587548904     
   5.7862009761546034     
   5.8160700431764099     
   5.8461476375954362     
   5.8764362759617086     
   5.9069385143588420     
   5.9376569491804219     
   5.9685942179244478     
   5.9997530000065211     
   6.0311360175922459     
   6.0627460364490844     
   6.0945858668188180     
   6.1266583643102592     
   6.1589664308139049     
   6.1915130154380904     
   6.2243011154678385     
   6.2573337773470712     
   6.2906140976842408     
   6.3241452242829297     
   6.3579303571972900     
   6.3919727498136183     
   6.4262757099583609     
   6.4608426010337041     
   6.4956768431813430     
   6.5307819144749999     
   6.5661613521431548     
   6.6018187538220729     
   6.6377577788407507     
   6.6739821495381619     
   6.7104956526139006     
   6.7473021405135967     
   6.7844055328493766     
   6.8218098178570301     
   6.8595190538908639     
   6.8975373709568544     
   6.9358689722861442     
   6.9745181359492676     
   7.0134892165128804     
   7.0527866467397473     
   7.0924149393340059     
   7.1323786887324445     
   7.1726825729434154     
   7.2133313554352014     
   7.2543298870746753     
   7.2956831081182685     
   7.3373960502570696     
   7.3794738387169048     
   7.4219216944162127     
   7.4647449361827114     
   7.5079489830309001     
   7.5515393565026159     
   7.5955216830723202     
   7.6399016966192903     
   7.6846852409688893     
   7.7298782725051467     
   7.7754868628567664     
   7.8215172016594181     
   7.8679755993958338     
   7.9148684903177298     
   7.9622024354505641     
   8.0099841256852926     
   8.0582203849589717     
   8.1069181735276175     
   8.1560845913347748     
   8.2057268814777018     
   8.2558524337762549     
   8.3064687884460682     
   8.3575836398812982     
   8.4092048405490232     
   8.4613404050005556     
   8.5139985140024379     
   8.5671875187922524     
   8.6209159454627127     
   8.6751924994791239     
   8.7300260703343042     
   8.7854257363462835     
   8.8414007696032684     
   8.8979606410615020     
   8.9551150258009642     
   9.0128738084449367     
   9.0712470887489900     
   9.1302451873654320     
   9.1898786517896554     
   9.2501582624946934     
   9.3110950392612324     
   9.3727002477093606     
   9.4349854060403970     
   9.4979622919953925     
   9.5616429500392570     
   9.6260396987782144     
   9.6911651386188709     
   9.7570321596790848     
   9.8236539499583841     
   9.8910440037790721     
   9.9592161305070590     
   10.028184463563520     
   10.097963469738346     
   10.168567958816283     
   10.240013093528574     
   10.312314399841199     
   10.385487777593909     
   10.459549511502615     
   10.534516282539357     
   10.610405179704770     
   10.687233712207444     
   10.765019822066961     
   10.843781897156390     
   10.923538784701478     
   11.004309805255133     
   11.086114767164759     
   11.168973981553023     
   11.252908277831239     
   11.337939019767560     
   11.424088122131181     
   11.511378067935851     
   11.599831926306706     
   11.689473370995003     
   11.780326699567468     
   11.872416853296187     
   11.965769437778533     
   12.060410744315618     
   12.156367772080543     
   12.253668251107783     
   12.352340666137735     
   12.452414281350343     
   12.553919166024414     
   12.656886221159994     
   12.761347207103199     
   12.867334772213781     
   12.974882482618128     
   13.084024853092330     
   13.194797379120018     
   13.307236570173671     
   13.421379984268768     
   13.537266263841900     
   13.654935173007090     
   13.774427636245122     
   13.895785778583743     
   14.019052967328918     
   14.144273855408187     
   14.271494426390916     
   14.400762041251397     
   14.532125486943144     
   14.665635026855540     
   14.801342453225232     
   14.939301141577801     
   15.079566107276520     
   15.222194064258105     
   15.367243486036415     
   15.514774669056891     
   15.664849798487865     
   15.817533016533957     
   15.972890493360467     
   16.130990500716905     
   16.291903488350187     
   16.455702163296763     
   16.622461572144857     
   16.792259186354840     
   16.965174990728087     
   17.141291575108738     
   17.320694229403728     
   17.503471042000399     
   17.689713001657708     
   17.879514102939680     
   18.072971455254503     
   18.270185395551152     
   18.471259604716039     
   18.676301227699881     
   18.885420997387257     
   19.098733362205422     
   19.316356617447127     
   19.538413040257069     
   19.765029028203429     
   19.996335241323322     
   20.232466747492367     
   20.473563170926127     
   20.719768843570151     
   20.971232959079742     
   21.228109729026443     
   21.490558540892991     
   21.758744117339091     
   22.032836676123623     
   22.313012089965298     
   22.599452045504989     
   22.892344200399791     
   23.191882337429902     
   23.498266514332755     
   23.811703207893657     
   24.132405450615707     
   24.460592958062051     
   24.796492244711061     
   25.140336725885049     
   25.492366803004103     
   25.852829929080940     
   26.221980651002923     
   26.600080624745573     
   26.987398599226282     
   27.384210364039987     
   27.790798655810306     
   28.207453017357409     
   28.634469603312169     
   29.072150925209769     
   29.520805528476814     
   29.980747593086136     
   30.452296449008230     
   30.935775996945978     
   31.431514024212618     
   31.939841405026129     
   32.461091173961307     
   32.995597460859528     
   33.543694275168036     
   34.105714127516080     
   34.681986476364500     
   35.272835987852773     
   35.878580597555882     
   36.499529363829026     
   37.135980103815726     
   37.788216805099722     
   38.456506808471261     
   39.141097760413231     
   39.842214337765824     
   40.560054751658328     
   41.294787043229007     
   42.046545189933681     
   42.815425048323760     
   43.601480167042240     
   44.404717512311962     
   45.225093157245055     
   46.062507995659544     
   46.916803550466312     
   47.787757955742492     
   48.675082199905560     
   49.578416724476810     
   50.497328478237392     
   51.431308529600059     
   52.379770340188713     
   53.342048799445664     
   54.317400113151336     
   55.305002627751435     
   56.303958657233451     
   57.313297360061412     
   58.331978690709704     
   59.358898424215781     
   60.392894223751924     
   61.432752691551855     
   62.477217313885575     
   63.524997182498865     
   64.574776349419011     
