yp                      , delta_y                 , gr_y                    , AR_xy                   
0.0                     , 0.0                     , 0.0                     , 0.0                     
0.014251740755753417    , 0.014251740755753417    , 0.0                     , 19.49079642538678       
0.02850364563198582     , 0.014251904876232402    , 1.0000115158198424      , 19.490571975471283      
0.04275587875667952     , 0.014252233124693703    , 1.0000230319009389      , 19.490123080887198      
0.057008604272652974    , 0.014252725515973452    , 1.0000345483599267      , 19.489449752362383      
0.07126198634529146     , 0.014253382072638487    , 1.000046065341278       , 19.488552005563232      
0.08551618916987991     , 0.014254202824588447    , 1.0000575829614176      , 19.487429861641377      
0.09977137697916305     , 0.014255187809283143    , 1.0000691013525496      , 19.48608334692621       
0.11402771405079193     , 0.014256337071628877    , 1.0000806206386832      , 19.484512493084587      
0.1282853647147988      , 0.01425765066400686     , 1.0000921409455588      , 19.482717337087095      
0.14254449336115727     , 0.014259128646358477    , 1.0001036624045887      , 19.48069792109753       
0.1568052644472573      , 0.014260771086100021    , 1.0001151851408512      , 19.478454292596275      
0.1710678425055221      , 0.014262578058264808    , 1.0001267092889912      , 19.475986504193926      
0.18533239215065578     , 0.014264549645133684    , 1.0001382349573003      , 19.473294614144443      
0.1995990780875445      , 0.014266685936888734    , 1.0001497622994202      , 19.470378685461924      
0.2138680651185041      , 0.014268987030959579    , 1.0001612914226208      , 19.467238786823497      
0.22813951815092537     , 0.014271453032421277    , 1.0001728224614927      , 19.463874992037187      
0.24241360220486285     , 0.014274084053937486    , 1.0001843555460141      , 19.46028738013163       
0.2566904824205949      , 0.014276880215732035    , 1.0001958908034998      , 19.45647603540778       
0.2709703240661838      , 0.014279841645588931    , 1.0002074283605484      , 19.45244104745264       
0.2852532925450362      , 0.014282968478852354    , 1.000218968342999       , 19.44818251115383       
0.2995395534035765      , 0.014286260858540345    , 1.000230510883845       , 19.443700526560235      
0.31382927233880764     , 0.014289718935231122    , 1.000242056107264       , 19.438995199053227      
0.32812261520592756     , 0.014293342867119918    , 1.0002536041405168      , 19.434066639286424      
0.3424197480261739      , 0.014297132820246361    , 1.0002651551258286      , 19.428914962894726      
0.3567208369941852      , 0.0143010889680113      , 1.0002767091706204      , 19.423540291170244      
0.37102604848593046     , 0.01430521149174524     , 1.000288266421051       , 19.41794275030944       
0.38533554906615564     , 0.014309500580225176    , 1.0002998269883958      , 19.412122472090264      
0.39964950549651235     , 0.014313956430356711    , 1.0003113910304944      , 19.406079592967952      
0.41396808474280533     , 0.014318579246292984    , 1.0003229586424107      , 19.399814255293045      
0.42829145398309265     , 0.01432336924028732     , 1.0003345299775868      , 19.39332660617815       
0.4426197806153027      , 0.014328326632210064    , 1.0003461051544214      , 19.386616798177506      
0.45695323226516393     , 0.014333451649861217    , 1.0003576843118325      , 19.379684988888727      
0.47129197679385015     , 0.01433874452868622     , 1.0003692675675264      , 19.37253134136347       
0.48563618230593875     , 0.014344205512088593    , 1.0003808550596216      , 19.365156023711478      
0.49998601715731184     , 0.014349834851373089    , 1.0003924469207968      , 19.357559209205682      
0.5143416499628586      , 0.014355632805546747    , 1.0004040432683519      , 19.34974107657934       
0.5287032496046606      , 0.014361599641802059    , 1.0004156442517118      , 19.341701809403936      
0.5430709852397513      , 0.01436773563509064     , 1.0004272499889721      , 19.333441596694957      
0.5574450263080735      , 0.014374041068322185    , 1.0004388606104462      , 19.324960632674852      
0.57182554254058        , 0.01438051623250658     , 1.0004504762546327      , 19.316259116614486      
0.5862127039671918      , 0.014387161426611783    , 1.0004620970483786      , 19.307337253057792      
0.6006066809248409      , 0.014393976957649102    , 1.0004737231226664      , 19.298195251741316      
0.6150076440656562      , 0.014400963140815293    , 1.0004853546165         , 19.28883332743894       
0.6294157643649214      , 0.014408120299265192    , 1.0004969916511774      , 19.279251700302943      
0.6438312131293742      , 0.014415448764452776    , 1.000508634369742       , 19.269450595444052      
0.6582541620051643      , 0.014422948875790098    , 1.0005202828895494      , 19.25943024342593       
0.6726847829863516      , 0.014430620981187303    , 1.0005319373633836      , 19.249190879582173      
0.6871232484230347      , 0.014438465436683146    , 1.0005435979162691      , 19.23873274455058       
0.7015697310294513      , 0.014446482606416566    , 1.0005552646691283      , 19.22805608435092       
0.716024403892618       , 0.014454672863166707    , 1.000566937778093       , 19.21716114970745       
0.7304874404803456      , 0.014463036587727629    , 1.0005786173537166      , 19.206048196924396      
0.7449590146499645      , 0.014471574169618862    , 1.0005903035534376      , 19.194717486984597      
0.7594393006564815      , 0.014480286006516963    , 1.0006019964929862      , 19.183169286349855      
0.7739284731612202      , 0.01448917250473869     , 1.0006136963191008      , 19.171403866365072      
0.7884267072401769      , 0.014498234078956784    , 1.0006254031564004      , 19.159421503681862      
0.802934178392718       , 0.01450747115254103     , 1.00063711715054        , 19.147222479854744      
0.8174510625501057      , 0.014516884157387722    , 1.000648838432813       , 19.13480708161573       
0.831977536084139       , 0.014526473534033357    , 1.00066056713973        , 19.122175600773716      
0.8465137758157368      , 0.014536239731597789    , 1.0006723034012042      , 19.109328334339814      
0.8610599590238621      , 0.014546183208125285    , 1.0006840473678955      , 19.096265584130357      
0.8756162634541624      , 0.014556304430300315    , 1.0006957991680854      , 19.0829876571939        
0.8901828673277237      , 0.014566603873561235    , 1.0007075589350467      , 19.069494865714834      
0.9047599493500798      , 0.01457708202235608     , 1.0007193268167238      , 19.055787526733063      
0.9193476887199381      , 0.014587739369858355    , 1.0007311029385668      , 19.041865962572032      
0.9339462651383883      , 0.014598576418450193    , 1.0007428874561763      , 19.027730500263882      
0.9485558588176275      , 0.014609593679239197    , 1.0007546804889194      , 19.0133814722384        
0.9631766504903112      , 0.014620791672683708    , 1.0007664821959028      , 18.998819215566492      
0.9778088214184208      , 0.014632170928109645    , 1.0007782926999225      , 18.984044072649745      
0.9924525534024724      , 0.014643731984051556    , 1.0007901121438993      , 18.969056390837032      
1.0071080287909524      , 0.01465547538848        , 1.0008019406829647      , 18.953856522192808      
1.0217754304892708      , 0.014667401698318372    , 1.0008137784358566      , 18.938444824186224      
1.036454941969339       , 0.014679511480068186    , 1.0008256255606065      , 18.9228216589458        
1.0511467472788638      , 0.014691805309524852    , 1.0008374821923305      , 18.90698739369297       
1.0658510310507836      , 0.01470428377191979     , 1.0008493484722976      , 18.890942400624734      
1.0805679785127325      , 0.014716947461948848    , 1.0008612245401058      , 18.874687056944477      
1.095297775496789       , 0.01472979698405652     , 1.000873110551009       , 18.85822174456603       
1.1100406084489123      , 0.014742832952123308    , 1.0008850066352508      , 18.841546850584873      
1.1247966644386906      , 0.01475605598977836     , 1.000896912940545       , 18.824662766947803      
1.1395661311690901      , 0.014769466730399472    , 1.0009088296107307      , 18.807569890525404      
1.1543491969864021      , 0.014783065817312036    , 1.0009207567991993      , 18.790268622932057      
1.1691460508898501      , 0.014796853903447982    , 1.000932694632246       , 18.772759371034248      
1.183956882541878       , 0.0148108316520279      , 1.0009446432783027      , 18.755042546158737      
1.1987818822778422      , 0.014824999735964184    , 1.000956602861281       , 18.737118564927364      
1.213621241116357       , 0.014839358838514727    , 1.0009685735451117      , 18.718987848506035      
1.2284751507693272      , 0.014853909652970287    , 1.0009805554683262      , 18.700650823080203      
1.243343803652209       , 0.014868652882881861    , 1.0009925487804907      , 18.682107919647564      
1.2582273928942982      , 0.014883589242089101    , 1.0010045536286907      , 18.66335957406388       
1.2731261123491038      , 0.014898719454805587    , 1.0010165701612954      , 18.644406227018422      
1.2880401566048931      , 0.01491404425578935     , 1.001028598533602       , 18.62524832390448       
1.3029697209950655      , 0.014929564390172345    , 1.0010406388848532      , 18.605886315117807      
1.3179150016088954      , 0.014945280613829937    , 1.001052691374434       , 18.58632065568111       
1.3328761953021342      , 0.014961193693238783    , 1.0010647561474437      , 18.56655180550936       
1.3478534997077531      , 0.014977304405618952    , 1.0010768333537081      , 18.5465802293212        
1.3628471132469997      , 0.014993613539246553    , 1.001088923159062       , 18.52640639634203       
1.3778572351399703      , 0.015010121892970574    , 1.0011010256920927      , 18.506030780993495      
1.3928840654170074      , 0.015026830277037106    , 1.0011131411314094      , 18.48545386196697       
1.4079278049294999      , 0.015043739512492493    , 1.001125269610666       , 18.464676123054907      
1.4229886553612232      , 0.015060850431723338    , 1.0011374112943552      , 18.443698052580228      
1.438066819239566       , 0.01507816387834282     , 1.0011495663341172      , 18.42252014363351       
1.4531624999468988      , 0.015095680707332804    , 1.001161734885714       , 18.401142893996546      
1.4682759017321132      , 0.015113401785214364    , 1.0011739171108032      , 18.379566806033793      
1.4834072297219905      , 0.015131327989877263    , 1.0011861131542494      , 18.357792387000593      
1.4985566899329683      , 0.01514946021097785     , 1.0011983231817272      , 18.335820148660474      
1.513724489282879       , 0.015167799349910638    , 1.0012105473513504      , 18.313650607424098      
1.5289108356027725      , 0.015186346319893573    , 1.001222785821138       , 18.29128428435079       
1.544115937648769       , 0.015205102045996455    , 1.001235038745186       , 18.268721705219825      
1.5593400051141657      , 0.015224067465396729    , 1.001247306288567       , 18.24596340032963       
1.5745832486415736      , 0.015243243527407913    , 1.0012595886122266      , 18.223009904573335      
1.5898458798351385      , 0.015262631193564857    , 1.0012718858766565      , 18.19986175744694       
1.6051281112727906      , 0.015282231437652172    , 1.001284198238085       , 18.17651950312651       
1.6204301565189212      , 0.015302045246130547    , 1.0012965258744582      , 18.15298369007371       
1.6357522301365748      , 0.015322073617653587    , 1.0013088689257472      , 18.129254871725156      
1.6510945477004668      , 0.015342317563892038    , 1.001321227579479       , 18.10533360562973       
1.6664573258095459      , 0.015362778109079045    , 1.0013336019869097      , 18.081220454106383      
1.681840782099954       , 0.015383456290408049    , 1.001345992318719       , 18.05691598389231       
1.6972451352579583      , 0.015404353158004369    , 1.0013583987370478      , 18.032420766297456      
1.7126706050331393      , 0.015425469775181       , 1.0013708214139234      , 18.007735377026364      
1.728117412251578       , 0.015446807218438607    , 1.0013832605144992      , 17.982860396302407      
1.7435857788291855      , 0.01546836657760764     , 1.0013957162062137      , 17.957796408826724      
1.7590759277852612      , 0.0154901489560757      , 1.001408188664186       , 17.932544003640782      
1.774588083255935       , 0.01551215547067386     , 1.0014206780490338      , 17.907103774386737      
1.790122470508038       , 0.015534387252102988    , 1.001433184541707       , 17.881476318943527      
1.8056793159528866      , 0.015556845444848477    , 1.001445708310281       , 17.85566223965808       
1.8212588471601805      , 0.01557953120729394     , 1.001458249522751       , 17.829662143346734      
1.836861292872186       , 0.01560244571200542     , 1.001470808357876       , 17.803476641103746      
1.8524868830179742      , 0.015625590145788237    , 1.0014833849904063      , 17.777106348373714      
1.8681358487277464      , 0.015648965709772256    , 1.0014959795928295      , 17.7505518849923        
1.8838084223473857      , 0.015672573619639252    , 1.0015085923443652      , 17.72381387506742       
1.8995048374529517      , 0.015696415105566075    , 1.0015212234126594      , 17.696892947184836      
1.9152253288657448      , 0.01572049141279308     , 1.0015338729936154      , 17.669789733909127      
1.9309701326669142      , 0.015744803801169382    , 1.0015465412459381      , 17.64250487244223       
1.9467394862126923      , 0.01576935354577813     , 1.0015592283599575      , 17.615039004065338      
1.9625336281496288      , 0.015794141936936512    , 1.0015719345175704      , 17.587392774289363      
1.978352798429853       , 0.01581917028022417     , 1.0015846598940032      , 17.55956683297308       
1.9941972383266204      , 0.015844439896767426    , 1.0015974046739256      , 17.53156183415798       
2.0100671904500302      , 0.015869952123409803    , 1.0016101690440684      , 17.503378436033664      
2.0259628987627707      , 0.015895708312740453    , 1.0016229531841283      , 17.47501730106221       
2.041884608596092       , 0.01592170983332153     , 1.0016357572792296      , 17.44647909588419       
2.057832566666036       , 0.01594795806994398     , 1.0016485815215346      , 17.41776449119756       
2.073807021089607       , 0.015974454423570705    , 1.0016614260904448      , 17.38887416198138       
2.089808221401256       , 0.0160012003116492      , 1.0016742911757306      , 17.359808787316407      
2.105836418569652       , 0.016028197168395764    , 1.0016871769755242      , 17.330569050242108      
2.12189186501422        , 0.016055446444568133    , 1.0017000836641878      , 17.301155638170084      
2.137974814622339       , 0.01608294960811918     , 1.0017130114472992      , 17.271569242345123      
2.1540855227663656      , 0.016110708144026376    , 1.0017259605099542      , 17.241810558201557      
2.1702242463209416      , 0.016138723554576018    , 1.0017389310450657      , 17.211880285229615      
2.186391243680589       , 0.01616699735964744     , 1.00175192325315        , 17.181779126846806      
2.2025867747772168      , 0.016195531096627747    , 1.001764937319253       , 17.1515077906656        
2.2188111010981686      , 0.016224326320951832    , 1.0017779734515826      , 17.121066988097994      
2.2350644857041146      , 0.016253384605946053    , 1.001791031838203       , 17.090457434702987      
2.251347193247369       , 0.01628270754325456     , 1.0018041126829533      , 17.059679849918624      
2.2676594899902938      , 0.01631229674292456     , 1.0018172161841878      , 17.028734957158232      
2.284001643823956       , 0.01634215383366211     , 1.0018303425451416      , 16.99762348372966       
2.3003739242869017      , 0.01637228046294581     , 1.0018434919650336      , 16.966346160906053      
2.316776602584113       , 0.016402678297211537    , 1.0018566646432991      , 16.93490372392417       
2.3332099516064773      , 0.01643334902236404     , 1.0018698607993621      , 16.903296911649097      
2.349674245949913       , 0.01646429434343588     , 1.0018830806203731      , 16.871526467122745      
2.366169761935197       , 0.01649551598528376     , 1.0018963243244206      , 16.839593137043625      
2.382696777627757       , 0.0165270156925601      , 1.0019095921160903      , 16.80749767199797       
2.3992555728577827      , 0.01655879523002568     , 1.0019228842070917      , 16.775240826342834      
2.415846429240503       , 0.016590856382720176    , 1.001936200807433       , 16.742823358237903      
2.432469630196607       , 0.016623200956104256    , 1.001949542123562       , 16.710246029707903      
2.449125460973093       , 0.016655830776485914    , 1.0019629083753376      , 16.677509606421687      
2.465814208664213       , 0.016688747691119943    , 1.001976299776082       , 16.644614857805234      
2.4825361622325772      , 0.016721953568364256    , 1.0019897165358898      , 16.61156255709841       
2.4992916125307545      , 0.016755450298177266    , 1.0020031588818894      , 16.57835348107569       
2.516080852322773       , 0.016789239792018407    , 1.0020166270222421      , 16.544988410364663      
2.5329041763060616      , 0.016823323983288674    , 1.0020301211783555      , 16.511468129229772      
2.5497618811337475      , 0.016857704827685893    , 1.0020436415794745      , 16.477793425447537      
2.5666542654369238      , 0.0168923843031763      , 1.0020571884396416      , 16.443965090561363      
2.5835816298473304      , 0.016927364410406653    , 1.002070761983776       , 16.409983919706058      
2.600544277020319       , 0.016962647172988454    , 1.0020843624397966      , 16.37585071156316       
2.617542511657973       , 0.016998234637654264    , 1.002097990030853       , 16.34156626844344       
2.6345766405326287      , 0.017034128874655607    , 1.0021116449894056      , 16.3071313961392        
2.651646972510491       , 0.017070331977862452    , 1.002125327539391       , 16.27254690406795       
2.6687538185757234      , 0.017106846065232162    , 1.0021390379177781      , 16.237813605064904      
2.6858974918546323      , 0.017143673278908977    , 1.0021527763526008      , 16.20293231553323       
2.703078307640169       , 0.01718081578553665     , 1.0021665430753028      , 16.167903855393167      
2.7202965834169106      , 0.01721827577674162     , 1.0021803383304129      , 16.132729047875916      
2.737552638886001       , 0.01725605546909037     , 1.0021941623446282      , 16.097408719816805      
2.7548467959906873      , 0.017294157104686292    , 1.002208015363892       , 16.06194370135026       
2.7721793789419564      , 0.01733258295126916     , 1.0022218976241666      , 16.0263348260761        
2.789550714244527       , 0.0173713353025704      , 1.002235809366105       , 15.990582930989513      
2.8069611307232663      , 0.01741041647873942     , 1.0022497508388568      , 15.954688856351238      
2.8244109595496667      , 0.01744982882640045     , 1.0022637222785082      , 15.9186534459019        
2.8419005342689303      , 0.0174895747192636      , 1.0022777239397913      , 15.882477546570877      
2.859430190827112       , 0.017529656558181728    , 1.0022917560639126      , 15.8461620086977        
2.8770002675987882      , 0.017570076771676213    , 1.0023058189052552      , 15.809707685829158      
2.8946111054149526      , 0.01761083781616435     , 1.0023199127139755      , 15.773115434792981      
2.9122630475912104      , 0.017651942176257762    , 1.0023340377398562      , 15.736386115709966      
2.929956439956456       , 0.017693392365245586    , 1.0023481942425336      , 15.699520591845657      
2.9476916308817636      , 0.01773519092530762     , 1.0023623824758523      , 15.662519729708503      
2.96546897130969        , 0.017777340427926447    , 1.0023766026989132      , 15.625384398974344      
2.98328881478389        , 0.01781984347420007     , 1.00239085517015        , 15.588115472504013      
3.001151517479144       , 0.01786270269525403     , 1.0024051401526626      , 15.55071382627787       
3.0190574382317408      , 0.01790592075259667     , 1.002419457910707       , 15.513180339385517      
3.0370069385701868      , 0.017949500338446       , 1.002433808707827       , 15.475515894044477      
3.0550003827463854      , 0.017993444176198636    , 1.0024481928145104      , 15.437721375500562      
3.073038137767014       , 0.018037755020628765    , 1.0024626104928118      , 15.399797672165908      
3.0911205734256555      , 0.018082435658641316    , 1.0024770620269237      , 15.361745675286398      
3.1092480623347285      , 0.01812748890907301     , 1.0024915476699159      , 15.323566279428087      
3.1274209799586004      , 0.018172917623871854    , 1.0025060677199535      , 15.285260381794187      
3.145639704646328       , 0.018218724687727672    , 1.002520622434102       , 15.246828882863127      
3.1639046176653807      , 0.018264913019052642    , 1.0025352121027484      , 15.208272685887966      
3.1822161032354757      , 0.018311485570094987    , 1.002549837001346       , 15.169592697133467      
3.200574548562983       , 0.01835844532750741     , 1.0025644974151695      , 15.130789825735894      
3.218980343875728       , 0.018405795312745       , 1.0025791936295738      , 15.091864983711515      
3.2374338824580775      , 0.018453538582349438    , 1.0025939259235042      , 15.052819086062362      
3.2559355606869076      , 0.018501678228830087    , 1.0026086946016248      , 15.013653050399117      
3.274485778067458       , 0.018550217380550293    , 1.0026234999398362      , 14.974367797383596      
3.2930849372700663      , 0.018599159202608462    , 1.0026383422390233      , 14.93496425036356       
3.31173344416716        , 0.018648506897093853    , 1.0026532217907178      , 14.895443335523346      
3.330431707870858       , 0.01869826370369765     , 1.0026681388959644      , 14.855805981752532      
3.3491801407709687      , 0.018748432900110856    , 1.0026830938534301      , 14.816053120692308      
3.3679791585734904      , 0.01879901780252169     , 1.0026980869644062      , 14.776185686707358      
3.3868291803394897      , 0.01885002176599926     , 1.0027131185263694      , 14.736204616952733      
3.4057306285249638      , 0.018901448185474123    , 1.0027281888643558      , 14.696110850979752      
3.424683929020375       , 0.01895330049541144     , 1.0027432982609854      , 14.655905331371034      
3.4436895111916783      , 0.019005582171303104    , 1.002758447052761       , 14.615589002961448      
3.462747807921062       , 0.019058296729383528    , 1.0027736355353545      , 14.575162813448491      
3.4818592556487147      , 0.01911144772765283     , 1.0027888640325007      , 14.534627712993935      
3.5010242944148615      , 0.019165038766146836    , 1.002804132855747       , 14.493984654413799      
3.5202433679026797      , 0.01921907348781815     , 1.0028194423361543      , 14.453234592908181      
3.539516923481358       , 0.01927355557867827     , 1.0028347927851284      , 14.412378486358513      
3.5588454122501503      , 0.01932848876879234     , 1.0028501845385935      , 14.371417294986667      
3.5782292890826426      , 0.01938387683249232     , 1.0028656179157374      , 14.330351981609345      
3.597669012671787       , 0.019439723589144364    , 1.0028810932474783      , 14.289183511482435      
3.617165045575746       , 0.01949603290395885     , 1.002896610878044       , 14.247912852125545      
3.636717854263779       , 0.019552808688032997    , 1.0029121711249585      , 14.20654097371635       
3.6563279091634513      , 0.01961005489967249     , 1.0029277743444875      , 14.165068848553656      
3.6759956847077717      , 0.01966777554432042     , 1.002943420859515       , 14.12349745154547       
3.6957216593836932      , 0.01972597467592152     , 1.002959111032661       , 14.081827759661822      
3.7155063157805586      , 0.01978465639686533     , 1.0029748451930967      , 14.040060752421697      
3.7353501406397243      , 0.019843824859165693    , 1.0029906236991681      , 13.998197411497241      
3.755253624904597       , 0.019903484264872873    , 1.00300644689875        , 13.956238720876645      
3.7752172637714523      , 0.01996363886685515     , 1.0030223151475264      , 13.91418566677047       
3.79524155674099        , 0.020024292969537782    , 1.0030382288062392      , 13.872039237557644      
3.8153270076703336      , 0.02008545092934355     , 1.0030541882252126      , 13.82980042394579       
3.835474124826078       , 0.020147117155744354    , 1.0030701937744755      , 13.787470218714526      
3.855683420937993       , 0.02020929611191491     , 1.0030862458231562      , 13.745049616745769      
3.8759554132531946      , 0.020271992315201715    , 1.0031023447298513      , 13.702539615185021      
3.8962906235914403      , 0.0203352103382457      , 1.003118490874554       , 13.65994121316482       
3.9166895784009483      , 0.02039895480950804     , 1.0031346846283882      , 13.617255411944164      
3.937152808815057       , 0.02046323041410858     , 1.0031509263685696      , 13.57448321484281       
3.957680850709778       , 0.020528041894721127    , 1.003167216480535       , 13.531625627148077      
3.9782742447618915      , 0.020593394052113467    , 1.0031835553399346      , 13.488683656265486      
3.9989335365081757      , 0.020659291746284225    , 1.003199943341248       , 13.445658311482958      
4.019659276405292       , 0.02072573989711657     , 1.0032163808734778      , 13.402550604064231      
4.040452019890438       , 0.020792743485145593    , 1.0032328683251663      , 13.359361547273604      
4.061312327443062       , 0.020860307552624135    , 1.003249406098181       , 13.316092156217254      
4.082240764647253       , 0.020928437204190686    , 1.0032659945877922      , 13.272743447951092      
4.103237902255273       , 0.020997137608020466    , 1.0032826342052918      , 13.229316441288288      
4.124304316251568       , 0.021066413996294386    , 1.0032993253445868      , 13.185812157049572      
4.145440587918259       , 0.021136271666691187    , 1.0033160684304927      , 13.142231617675975      
4.166647303900959       , 0.021206715982700075    , 1.0033328638616952      , 13.098575847593855      
4.1879250562761         , 0.02127775237514129     , 1.0033497120675905      , 13.054845872833091      
4.209274442618778       , 0.02134938634267769     , 1.00336661345961        , 13.011042721284056      
4.230696066071829       , 0.021421623453051097    , 1.0033835684648698      , 12.967167422514548      
4.252190535415906       , 0.02149446934407706     , 1.0034005775139132      , 12.923221007748268      
4.273758465140389       , 0.021567929724483292    , 1.0034176410326907      , 12.879204509946657      
4.295400475515464       , 0.02164201037507496     , 1.00343475945712        , 12.835118963702818      
4.317117192665293       , 0.021716717149828924    , 1.003451933228902       , 12.790965405190905      
4.338909248642096       , 0.021792055976803226    , 1.0034691627861856      , 12.746744872235146      
4.36077728150147        , 0.021868032859373443    , 1.0034864485779171      , 12.702458404195786      
4.382721935378669       , 0.021944653877199016    , 1.0035037910505393      , 12.658107042025168      
4.404743860566185       , 0.022021925187516445    , 1.003521190662192       , 12.613691828144141      
4.426843713592291       , 0.02209985302610562     , 1.00353864786687        , 12.569213806519468      
4.449022157300817       , 0.022178443708526174    , 1.003556163125959       , 12.524674022595654      
4.471279860932185       , 0.02225770363136803     , 1.0035737369079412      , 12.48007352323186       
4.493617500205545       , 0.022337639273359855    , 1.003591369681065       , 12.435413356730987      
4.516035757402136       , 0.022418257196591185    , 1.003609061917634       , 12.390694572815205      
4.538535321449913       , 0.0224995640477772      , 1.0036268140950035      , 12.345918222589754      
4.561116888009522       , 0.022581566559608746    , 1.0036446266984291      , 12.301085358472607      
4.583781159561454       , 0.022664271551931847    , 1.003662500212498       , 12.256197034230324      
4.606528845494552       , 0.022747685933097728    , 1.0036804351278068      , 12.21125430493187       
4.629360662195751       , 0.02283181670119916     , 1.0036984319349609      , 12.16625822697624       
4.652277333141498       , 0.02291667094574734     , 1.0037164911429814      , 12.121209857897146      
4.67527958899008        , 0.0230022558485814      , 1.0037346132445097      , 12.076110256590724      
4.698368167675795       , 0.023088578685715788    , 1.0037527987560277      , 12.030960483056091      
4.721543814504258       , 0.02317564682846296     , 1.0037710481850075      , 11.985761598534006      
4.744807282249354       , 0.023263467745096023    , 1.0037893620524632      , 11.94051466537416       
4.768159331251482       , 0.02335204900212773     , 1.0038077408751918      , 11.895220747115937      
4.791600729517569       , 0.02344139826608682     , 1.0038261851861887      , 11.8498809083264        
4.8151322528223375      , 0.023531523304768598    , 1.0038446955108544      , 11.80449621472176       
4.838754684811377       , 0.023622431989039683    , 1.003863272389708       , 11.759067733020077      
4.8624688171056505      , 0.023714132294273327    , 1.0038819163613717      , 11.713596530995895      
4.886275449407691       , 0.023806632302040498    , 1.003900627972355       , 11.668083677419972      
4.910175389609407       , 0.023899940201715708    , 1.0039194077722289      , 11.622530242056293      
4.934169453901632       , 0.023994064292224948    , 1.003938256318419       , 11.576937295603942      
4.958258466885326       , 0.024089012983694147    , 1.003957174170779       , 11.531305909702716      
4.98244326168458        , 0.02418479479925395     , 1.0039761618969045      , 11.485637156877868      
5.006724680061339       , 0.024281418376759234    , 1.0039952200672906      , 11.439932110541392      
5.031103572531904       , 0.02437889247056546     , 1.0040143492564473      , 11.394191844980677      
5.055580798485337       , 0.024477225953432935    , 1.0040335500468776      , 11.348417435302524      
5.080157226303754       , 0.024576427818416846    , 1.0040528230271126      , 11.3026099574007        
5.104833733484597       , 0.024676507180842577    , 1.00407216879382        , 11.256770487900674      
5.1296112067644515      , 0.02477747327985469     , 1.0040915879330967      , 11.210900104314707      
5.154490542245469       , 0.024879335481017506    , 1.004111081061911       , 11.164999884732344      
5.179472645523248       , 0.024982103277778833    , 1.0041306487803798      , 11.119070908047062      
5.204558431817105       , 0.02508578629385738     , 1.0041502917078553      , 11.073114253779469      
5.229748826102266       , 0.025190394285161233    , 1.0041700104624374      , 11.02713100212992       
5.255044763244399       , 0.02529593714213263     , 1.0041898056765854      , 10.981122233859217      
5.280447188135938       , 0.025402424891538544    , 1.0042096779734857      , 10.935089030429712      
5.305957055834995       , 0.025509867699057054    , 1.0042296279972192      , 10.889032473815831      
5.3315753317064605      , 0.025618275871465812    , 1.0042496563952297      , 10.842953646508768      
5.357302991565149       , 0.025727659858688412    , 1.0042697638112499      , 10.796853631597212      
5.383141021821487       , 0.02583803025633813     , 1.0042899509032666      , 10.750733512653824      
5.4090904196297345      , 0.025949397808247454    , 1.0043102183411217      , 10.704594373650249      
5.4351521930382205      , 0.026061773408486033    , 1.004330566784978       , 10.658437299102982      
5.461327361142452       , 0.02617516810423126     , 1.004350996916745       , 10.612263373883529      
5.487616954240494       , 0.02628959309804202     , 1.004371509415149       , 10.566073683295842      
5.514022013991081       , 0.026405059750587156    , 1.0043921049715197      , 10.519869312986538      
5.540543593574185       , 0.02652157958310397     , 1.0044127842776127      , 10.473651348984541      
5.567182757854454       , 0.0266391642802688      , 1.0044335480394893      , 10.427420877595747      
5.593940583547223       , 0.026757825692769188    , 1.0044543969642574      , 10.3811789854376        
5.6208181593872695      , 0.026877575840046575    , 1.0044753317647086      , 10.334926759425207      
5.6478165863006495      , 0.026998426913380058    , 1.004496353170118       , 10.288665286647307      
5.674936977579051       , 0.027120391278401712    , 1.0045174619029826      , 10.242395654482905      
5.7021804590573595      , 0.02724348147830824     , 1.0045386587030753      , 10.19611895047076       
5.729548169294162       , 0.027367710236802623    , 1.0045599443152409      , 10.149836262305833      
5.7570412597552405      , 0.027493090461078395    , 1.004581319488949       , 10.103548677840497      
5.784660895000258       , 0.027619635245017093    , 1.004602784984025       , 10.05725728502849       
5.812408252872487       , 0.027747357872229372    , 1.0046243415627771      , 10.010963171949014      
5.840284524692038       , 0.02787627181955088     , 1.0046459900043503      , 9.964667426687948       
5.868290915452178       , 0.02800639076014022     , 1.0046677310879888      , 9.918371137387751       
5.896428644018883       , 0.028137728566704823    , 1.0046895655955614      , 9.872075392271368       
5.9246989433343344      , 0.028270299315451553    , 1.0047114943351754      , 9.82578127943464        
5.953103060623363       , 0.028404117289028363    , 1.0047335181026424      , 9.779489887019823       
5.9816422576037525      , 0.028539196980389647    , 1.004755637712194       , 9.73320230308685        
6.010317810700286       , 0.02867555309653369     , 1.0047778539892955      , 9.686919615557674       
6.039131011262043       , 0.028813200561756958    , 1.004800167751251       , 9.640642912348492       
6.0680831657842305      , 0.028952154522187357    , 1.0048225798495578      , 9.59437328109395        
6.097175596133184       , 0.029092430348953258    , 1.0048450911195022      , 9.548111809358415       
6.126409639775545       , 0.029234043642361485    , 1.0048677024129515      , 9.501859584531266       
6.155786650011834       , 0.02937701023628847     , 1.0048904146027824      , 9.455617693683747       
6.185307996213567       , 0.029521346201732968    , 1.004913228551291       , 9.409387223725984       
6.214975064064802       , 0.02966706785123563     , 1.0049361451373822      , 9.3631692613063         
6.244789255808229       , 0.029814191743426477    , 1.0049591652578744      , 9.316964892701579       
6.274751990495105       , 0.029962734686876047    , 1.0049822898010414      , 9.270775203955166       
6.304864704240117       , 0.030112713745012343    , 1.005005519679817       , 9.224601280706125       
6.335128850480459       , 0.03026414624034146     , 1.0050288558052727      , 9.178444208266015       
6.365545900239809       , 0.030417049759350334    , 1.0050522991064939      , 9.132305071512983       
6.396117342396877       , 0.030571442157068418    , 1.005075850516062       , 9.086184954920514       
6.426844683958805       , 0.0307273415619278      , 1.0050995109768919      , 9.040084942524079       
6.457729450339571       , 0.030884766380765427    , 1.005123281443673       , 8.994006117876083       
6.488773185643453       , 0.03104373530388216     , 1.0051471628814306      , 8.94794956401527        
6.519977452953398       , 0.03120426730994552     , 1.0051711562571946      , 8.901916363511075       
6.551343834625158       , 0.031366381671759314    , 1.0051952625646852      , 8.855907598289372       
6.582873932586011       , 0.03153009796085371     , 1.0052194827827972      , 8.8099243498277         
6.614569368639849       , 0.03169543605383751     , 1.0052438179287955      , 8.763967698880924       
6.64643178477715        , 0.0318624161373009      , 1.0052682690081864      , 8.71803872565041        
6.678462843490934       , 0.03203105871378398     , 1.0052928370452627      , 8.672138509684702       
6.710664228098651       , 0.03220138460771693     , 1.005317523078301       , 8.62626812982475        
6.743037643069869       , 0.03237341497121804     , 1.0053423281513143      , 8.580428664221532       
6.775584814360016       , 0.0325471712901475      , 1.0053672533183151      , 8.53462119031724        
6.808307489750405       , 0.032722675390388645    , 1.0053922996464602      , 8.488846784800705       
6.841207439194747       , 0.03289994944434227     , 1.0054174682185582      , 8.443106523543507       
6.874286455171813       , 0.03307901597706575     , 1.0054427601181095      , 8.397401481663357       
6.9075463530450065      , 0.03325989787319372     , 1.005468176449184       , 8.351732733420587       
6.940988971428453       , 0.03344261838344664     , 1.0054937183195678      , 8.306101352257503       
6.974616172560417       , 0.0336272011319636      , 1.0055193868614165      , 8.260508410667047       
7.008429842683114       , 0.033813670122697204    , 1.0055451831986206      , 8.214954980332681       
7.042431892430471       , 0.03400204974735743     , 1.0055711084888648      , 8.16944213192224        
7.076624257222619       , 0.0341923647921476      , 1.0055971638828909      , 8.123970935217983       
7.11100889766837        , 0.03438464044575085     , 1.0056233505571222      , 8.07854245898054        
7.1455877999751465      , 0.03457890230677663     , 1.0056496696928463      , 8.033157770983959       
7.180362976366865       , 0.03477517639171879     , 1.0056761224865052      , 7.987817937968148       
7.215336465509878       , 0.034973489143013126    , 1.0057027101476201      , 7.942524025609587       
7.2505103329469875      , 0.03517386743710915     , 1.005729433894246       , 7.897277098529021       
7.285886671540013       , 0.035376338593025025    , 1.0057562949618177      , 7.852078220230113       
7.321467601920972       , 0.03558093038095933     , 1.005783294599477       , 7.806928453068977       
7.357255272951775       , 0.03578767103080338     , 1.0058104340620246      , 7.76182885828718        
7.39325186219321        , 0.03599658924143512     , 1.0058377146266912      , 7.71678049591521        
7.429459576382982       , 0.03620771418977142     , 1.0058651375806817      , 7.671784424774575       
7.465880651922873       , 0.03642107553989149     , 1.00589270421772        , 7.626841702506334       
7.502517355376028       , 0.03663670345315495     , 1.005920415859968       , 7.581953385433675       
7.539371983973595       , 0.03685462859756683     , 1.0059482738312011      , 7.537120528630612       
7.57644686613142        , 0.03707488215782462     , 1.0059762794698826      , 7.492344185891176       
7.613744361977325       , 0.03729749584590536     , 1.0060044341377294      , 7.447625409636533       
7.651266863888537       , 0.0375225019112122      , 1.0060327392014856      , 7.402965250959832       
7.689016797039926       , 0.03774993315138886     , 1.0060611960448378      , 7.358364759582575       
7.72699661996333        , 0.03797982292340407     , 1.0060898060691468      , 7.313824983807508       
7.765208825118009       , 0.03821220515467871     , 1.0061185706880018      , 7.269346970512813       
7.80365593947252        , 0.038447114354511314    , 1.0061474913285353      , 7.224931765137371       
7.842340525098479       , 0.038684585625958334    , 1.0061765694365865      , 7.180580411629946       
7.881265179776264       , 0.0389246546777855      , 1.0062058064715593      , 7.136293952436963       
7.920432537612882       , 0.039167357836618066    , 1.0062352039046112      , 7.092073428503768       
7.959845269672698       , 0.03941273205981588     , 1.0062647632301716      , 7.04791987919539        
7.999506084620762       , 0.03966081494806417     , 1.006294485951184       , 7.0038343423232154      
8.039417729379494       , 0.03991164475873177     , 1.0063243735913157      , 6.959817854086464       
8.079582989798666       , 0.040165260419172455    , 1.0063544276857996      , 6.915871449079004       
8.120004691339432       , 0.0404217015407653      , 1.0063846497922975      , 6.871996160221975       
8.16068569977216        , 0.040681008432727594    , 1.0064150414771824      , 6.828193018792215       
8.20162892188901        , 0.04094322211685153     , 1.0064456043305205      , 6.784463054348847       
8.24283730623111        , 0.041208384342098725    , 1.0064763399541548      , 6.740807294742647       
8.284313843830873       , 0.04147653759976322     , 1.0065072499673458      , 6.6972267660877165      
8.326061568970033       , 0.04174772513916025     , 1.0065383360109255      , 6.6537224927069465      
8.368083559953305       , 0.04202199098327242     , 1.0065695997374213      , 6.6102954971446275      
8.410382939898284       , 0.042299379944978455    , 1.006601042816283       , 6.5669468001446205      
8.45296287754229        , 0.042579937644006804    , 1.0066326669420045      , 6.523677420576859       
8.49582658806591        , 0.04286371052361915     , 1.0066644738182768      , 6.480488375468899       
8.538977333934099       , 0.04315074586818923     , 1.0066964651698065      , 6.437380679960756       
8.582418425755279       , 0.04344109182117961     , 1.0067286427418263      , 6.394355347264725       
8.626153223158454       , 0.04373479740317521     , 1.0067610082915182      , 6.351413388680994       
8.670185135689408       , 0.04403191253095429     , 1.0067935636020005      , 6.308555813525041       
8.714517623725754       , 0.04433248803634626     , 1.0068263104669977      , 6.265783629153409       
8.75915419941201        , 0.04463657568625479     , 1.0068592507070484      , 6.223097840888265       
8.804098427614434       , 0.04494422820242505     , 1.006892386152843       , 6.1804994520473215      
8.849353926896754       , 0.04525549928231953     , 1.0069257186594136      , 6.137989463886002       
8.894924370517145       , 0.04557044362039164     , 1.0069592501036697      , 6.0955688755568564      
8.94081348744632        , 0.045889116929174634    , 1.0069929823689578      , 6.053238684163407       
8.987025063408637       , 0.0462115759623174      , 1.0070269173765198      , 6.010999884623885       
9.03356294194505        , 0.046537878536412336    , 1.0070610570468537      , 5.968853469769532       
9.080431025500275       , 0.04686808355522487     , 1.0070954033401882      , 5.926800430200458       
9.127633276532976       , 0.047202251032700815    , 1.0071299582173483      , 5.88484175437605        
9.175173718651195       , 0.04754044211821906     , 1.007164723675656       , 5.842978428493079       
9.223056437772286       , 0.0478827191210911      , 1.007199701719662       , 5.801211436537318       
9.271285583308867       , 0.048229145536581086    , 1.007234894380453       , 5.759541760222302       
9.31986536938119        , 0.04857978607232383     , 1.0072703037103734      , 5.7179703789603415      
9.368800076056232       , 0.048934706675041184    , 1.0073059317755941      , 5.676498269876347       
9.41809405061477        , 0.04929397455853746     , 1.0073417806687195      , 5.635126407750136       
9.46775170884682        , 0.04965765823205004     , 1.007377852501642       , 5.5938557650005025      
9.517777536376087       , 0.050025827529267985    , 1.0074141494046596      , 5.552687311674391       
9.568176090014362       , 0.05039855363827428     , 1.0074506735303526      , 5.511622015414832       
9.618951999146475       , 0.050775909132113384    , 1.0074874270509329      , 5.470660841444124       
9.670109967146757       , 0.051157968000282494    , 1.0075244121611893      , 5.429804752531295       
9.721654772827605       , 0.05154480568084807     , 1.0075616310750153      , 5.389054708978922       
9.773591271921106       , 0.05193649909350029     , 1.007599086027746       , 5.348411668597449       
9.825924398594623       , 0.05233312667351697     , 1.0076367792773757      , 5.307876586673474       
9.878659167000848       , 0.05273476840622493     , 1.0076747130973776      , 5.267450415976194       
9.931800672863858       , 0.05314150586301025     , 1.007712889789373       , 5.227134106696968       
9.985354095101513       , 0.05355342223765547     , 1.0077513116716539      , 5.186928606449759       
10.039324697485426      , 0.05397060238391305     , 1.0077899810847988      , 5.146834860241891       
10.093717830339244      , 0.05439313285381786     , 1.0078289003872738      , 5.106853810467373       
10.14853893227675       , 0.054821101937506       , 1.007868071964862       , 5.066986396851965       
10.203793531980068      , 0.05525459970331781     , 1.0079074982167628      , 5.027233556468936       
10.259487250019845      , 0.05569371803977674     , 1.0079471815707057      , 4.9875962236780005      
10.315625800717584      , 0.056138550697738765    , 1.007987124466072       , 4.948075330148602       
10.372214994052271      , 0.05658919333468759     , 1.0080273293725586      , 4.908671804789763       
10.429260737611429      , 0.05704574355915781     , 1.0080677987715787      , 4.869386573771547       
10.486769038588633      , 0.057508300977204385    , 1.0081085351717238      , 4.830220560469795       
10.544746005828117      , 0.0579769672394832      , 1.0081495410978076      , 4.791174685463831       
10.603197851917912      , 0.05845184608979537     , 1.0081908190946         , 4.7522498665148705      
10.662130895333064      , 0.05893304341515204     , 1.008232371730697       , 4.713447018525424       
10.721551562629713      , 0.0594206672966493      , 1.0082742015894581      , 4.674767053540672       
10.781466390691733      , 0.059914828062019865    , 1.0083163112743843      , 4.636210880722892       
10.841882029031524      , 0.06041563833979069     , 1.0083587034123243      , 4.597779406310253       
10.902805242145845      , 0.060923213114321584    , 1.0084013806438026      , 4.559473533618976       
10.96424291192858       , 0.061437669782733906    , 1.0084443456297512      , 4.52129416301272        
11.026202040141769      , 0.061959128213189274    , 1.008487601048338       , 4.4832421918849255      
11.088689750946713      , 0.06248771080494464     , 1.0085311495981129      , 4.445318514625396       
11.151713293496343      , 0.0630235425496295      , 1.0085749939913378      , 4.407524022614797       
11.215280044590727      , 0.0635667510943847      , 1.0086191369570734      , 4.369859604202988       
11.279397511397676      , 0.06411746680694819     , 1.0086635812446318      , 4.332326144670394       
11.344073334239624      , 0.06467582284194862     , 1.0087083296144808      , 4.294924526226694       
11.409315289448983      , 0.06524195520935905     , 1.0087533848435746      , 4.257655627983543       
11.475131292293725      , 0.0658160028447412      , 1.0087987497238557      , 4.220520325931228       
11.541529399975005      , 0.0663981076812803      , 1.00884442705997        , 4.183519492922116       
11.608517814698956      , 0.06698841472395145     , 1.0088904196713664      , 4.146653998642237       
11.676104886824277      , 0.06758707212532045     , 1.0089367303859327      , 4.109924709606005       
11.744299118088207      , 0.06819423126393076     , 1.0089833620471755      , 4.073332489117739       
11.813109164912476      , 0.06881004682426806     , 1.0090303175052142      , 4.036878197266545       
11.882543841791772      , 0.06943467687929683     , 1.009077599621811       , 4.000562690896631       
11.952612124766787      , 0.070068282975015       , 1.009125211266117       , 3.964386823590754       
12.023323154984126      , 0.07071103021733904     , 1.0091731553141274      , 3.928351445651317       
12.09468624234556       , 0.07136308736143349     , 1.0092214346487425      , 3.892457404076611       
12.166710869248902      , 0.07202462690334244     , 1.0092700521567746      , 3.8567055425439074      
12.239406694423081      , 0.07269582517417916     , 1.0093190107286147      , 3.8210967013885924      
12.312783556859841      , 0.0733768624367599      , 1.0093683132552518      , 3.7856317175891996      
12.386851479845063      , 0.07406792298522191     , 1.0094179626317166      , 3.750311424733757       
12.461620675091808      , 0.07476919524674486     , 1.0094679617472582      , 3.715136653017154       
12.537101546978334      , 0.0754808718865263      , 1.0095183134903734      , 3.680108229213002       
12.613304696893806      , 0.07620314991547161     , 1.009569020745165       , 3.6452269766525784      
12.690240927694447      , 0.07693623080064071     , 1.0096200863872724      , 3.6104937152115397      
12.767921248273367      , 0.07768032057892071     , 1.009671513284919       , 3.575909261285353       
12.846356878247008      , 0.07843562997364018     , 1.0097233042949674      , 3.5414744277712877      
12.925559252761246      , 0.07920237451423873     , 1.0097754622593869      , 3.507190024054643       
13.005540027420778      , 0.07998077465953202     , 1.0098279900074631      , 3.473056855978733       
13.086311083344555      , 0.0807710559237762      , 1.0098808903465653      , 3.439075725838191       
13.16788453235118       , 0.08157344900662622     , 1.009934166065716       , 3.4052474323503703      
13.250272722277373      , 0.08238818992619201     , 1.0099878199277759      , 3.3715727706437875      
13.33348824243339       , 0.08321552015601696     , 1.0100418546707497      , 3.3380525322317878      
13.417543929198644      , 0.08405568676525377     , 1.0100962729988543      , 3.3046875050053512      
13.502452871761818      , 0.0849089425631746      , 1.0101510775862645      , 3.2714784732020825      
13.588228418008924      , 0.08577554624710615     , 1.0102062710684068      , 3.238426217392341       
13.674884180563168      , 0.08665576255424412     , 1.0102618560376428      , 3.2055315144667564      
13.762434042980956      , 0.08754986241778795     , 1.0103178350428126      , 3.172795137612235       
13.850892166108139      , 0.08845812312718238     , 1.0103742105848232      , 3.1402178562888725      
13.940272994600122      , 0.08938082849198281     , 1.0104309851055036      , 3.1078004362277043      
14.030591263611143      , 0.09031826901102136     , 1.0104881609944198      , 3.075543639392393       
14.121862005656084      , 0.09127074204494079     , 1.0105457405721892      , 3.0434482239774368      
14.214100557649886      , 0.09223855199380182     , 1.0106037260920318      , 3.011514944385117       
14.307322568129138      , 0.09322201047925205     , 1.0106621197340167      , 2.9797445512034026      
14.401544004660124      , 0.09422143653098658     , 1.0107209235951522      , 2.9481377911960096      
14.496781161438506      , 0.0952371567783814      , 1.0107801396878595      , 2.916695407278608       
14.593050667085222      , 0.09626950564671688     , 1.01083976993074        , 2.8854181385032485      
14.690369492643441      , 0.09731882555821869     , 1.010899816140664       , 2.854306720045689       
14.788754959782096      , 0.09838546713865526     , 1.0109602800313129      , 2.8233618831763416      
14.888224749210181      , 0.09946978942808471     , 1.011021163195793       , 2.7925843552590135      
14.988796909307894      , 0.10057216009771253     , 1.0110824671085166      , 2.761974859721599       
15.09048986497939       , 0.10169295567149561     , 1.011144193111634       , 2.7315341160414173      
15.193322426732394      , 0.10283256175300437     , 1.011206342405762       , 2.701262839731426       
15.297313799990121      , 0.10399137325772756     , 1.0112689160414632      , 2.6711617423240077      
15.402483594641154      , 0.10516979465103304     , 1.0113319149116815      , 2.641231531348714       
15.508851834832313      , 0.1063682401911592      , 1.0113953397370676      , 2.6114729103214525      
15.616438969010446      , 0.10758713417813226     , 1.011459191059122       , 2.581886578722884       
15.72526588021816       , 0.10882691120771426     , 1.0115234692238322      , 2.5524732319893992      
15.835353896649764      , 0.11008801643160382     , 1.0115881743761204      , 2.5232335614872063      
15.94672480247229       , 0.1113709058225254      , 1.0116533064406572      , 2.4941682545029247      
16.059400848917477      , 0.1126760464451877      , 1.0117188651113433      , 2.46527799422662        
16.17340476565039       , 0.1140039167329121      , 1.0117848498382518      , 2.436563459732304       
16.288759772419837      , 0.11535500676944821     , 1.0118512598097962      , 2.408025325965715       
16.40548959099624       , 0.11672981857640252     , 1.0119180939384975      , 2.379664263728513       
16.523618457402563      , 0.11812886640632314     , 1.0119853508467924      , 2.3514809396571765      
16.643171134443023      , 0.1195526770404598      , 1.0120530288442728      , 2.3234760162147636      
16.764172924535316      , 0.1210017900922935      , 1.01212112591459        , 2.295650151670518       
16.886649682851072      , 0.12247675831575577     , 1.0121896396932413      , 2.2680040000866324      
17.010627830769693      , 0.12397814791862061     , 1.0122585674499494      , 2.240538211299232       
17.136134369649653      , 0.12550653887996077     , 1.0123279060624732      , 2.2132534309105205      
17.263196894922572      , 0.12706252527291895     , 1.0123976520015932      , 2.1861503002646607      
17.391843610513348      , 0.12864671559077578     , 1.0124678013006128      , 2.159229456439345       
17.522103343590743      , 0.1302597330773949      , 1.0125383495350953      , 2.132491532227644       
17.654005559651637      , 0.1319022160608938      , 1.012609291794902       , 2.1059371561243463      
17.787580377941993      , 0.13357481829035578     , 1.0126806226567855      , 2.0795669523125495      
17.922858587217462      , 0.1352782092754694      , 1.012752336158234       , 2.053381540645131       
18.059871661845335      , 0.13701307462787327     , 1.0128244257644712      , 2.02738153663233        
18.19865177824937       , 0.13878011640403543     , 1.012896884337217       , 2.001567551428431       
18.339231831698413      , 0.14058005344904245     , 1.0129697041020402      , 1.9759401918172328      
18.48164545343903       , 0.14241362174061578     , 1.0130428766143411      , 1.9505000601958338      
18.625927028171304      , 0.14428157473227543     , 1.0131163927216305      , 1.92524775456058        
18.772111711865918      , 0.14618468369461368     , 1.013190242523133       , 1.9001838684965653      
18.920235449920398      , 0.14812373805447976     , 1.0132644153331196      , 1.875308991159887       
19.070334995650484      , 0.150099545730086       , 1.0133388996359216      , 1.8506237072648244      
19.222447929111667      , 0.15211293346118282     , 1.0134136830415021      , 1.8261285970706953      
19.376612676244605      , 0.15416474713293837     , 1.0134887522386724      , 1.801824236368683       
19.53286852833682       , 0.15625585209221526     , 1.013564092947097       , 1.7777111964667134      
19.691255661791047      , 0.15838713345422661     , 1.0136396898642464      , 1.7537900441771346      
19.851815158189055      , 0.16055949639800815     , 1.0137155266113163      , 1.7300613418044066      
20.014589024638227      , 0.16277386644917158     , 1.0137915856790822      , 1.7065256471284829      
20.179620214384983      , 0.165031189746756       , 1.0138678483642785      , 1.6831835133954611      
20.34695264767788       , 0.16733243329289849     , 1.013944294709829       , 1.6600354893038334      
20.51663123286056       , 0.1696785851826803      , 1.0140209034412062      , 1.6370821189881748      
20.68870188767076       , 0.17207065481019868     , 1.014097651892506       , 1.6143239420119522      
20.86321156072046       , 0.17450967304969822     , 1.0141745159405007      , 1.5917614933509736      
21.04020825312773       , 0.1769966924072719      , 1.0142514699277754      , 1.569395303380061       
21.219741040266996      , 0.1795327871392658      , 1.0143284865807454      , 1.547225897865119       
21.401860093602096      , 0.18211905333510003     , 1.0144055369330842      , 1.525253797946474       
21.586616702560903      , 0.18475660895880708     , 1.0144825902364754      , 1.5034795201275344      
21.77406329640604       , 0.18744659384513795     , 1.0145596138697839      , 1.4819035762648662      
21.964253466052128      , 0.19019016964608682     , 1.0146365732482474      , 1.460526473553693       
22.15724198577368       , 0.19298851972155262     , 1.0147134317229596      , 1.4393487145171158      
22.353084834742816      , 0.19584284896913573     , 1.0147901504799424      , 1.4183707969932298      
22.551839218329036      , 0.19875438358621977     , 1.0148666884311048      , 1.3975932141254013      
22.753563589087804      , 0.20172437075876815     , 1.0149430021062151      , 1.3770164543477894      
22.95831766735583       , 0.2047540782680244      , 1.0150190455315848      , 1.3566410013780772      
23.166162461365587      , 0.20784479400975897     , 1.0150947701158304      , 1.3364673342009963      
23.377160286780764      , 0.21099782541517698     , 1.0151701245173836      , 1.3164959270608547      
23.591374785547416      , 0.21421449876665122     , 1.0152450545172438      , 1.2967272494490092      
23.808870943945337      , 0.21749615839792114     , 1.0153195028822242      , 1.2771617660922918      
24.02971510971382       , 0.22084416576848298     , 1.0153934092225965      , 1.2577999369427757      
24.25397500811536       , 0.2242598984015416      , 1.0154667098457082      , 1.2386422171672058      
24.48171975678943       , 0.2277447486740698      , 1.0155393376050164      , 1.2196890571352375      
24.713019879235475      , 0.2313001224460436      , 1.0156112217413273      , 1.2009409024094928      
24.947947316751595      , 0.2349274375161201      , 1.0156822877208924      , 1.1823981937346821      
25.18657543864103       , 0.23862812188943394     , 1.0157524570669183      , 1.1640613670273257      
25.428979050483747      , 0.2424036118427182      , 1.0158216471863848      , 1.1459308533653858      
25.675234400254624      , 0.24625534977087682     , 1.0158897711914368      , 1.128007078978103       
25.925419182053034      , 0.25018478179840997     , 1.0159567377163143      , 1.1102904652354166      
26.179612537190764      , 0.2541933551377298      , 1.0160224507282372      , 1.0927814286383264      
26.437895052366684      , 0.25828251517592093     , 1.016086809334475       , 1.0754803808092788      
26.70034875463736       , 0.2624537022706761      , 1.0161497075863386      , 1.058387728481336       
26.96705710287145       , 0.26670834823408995     , 1.0162110342761554      , 1.04150387348945        
27.238104975355157      , 0.271047872483706       , 1.0162706727342754      , 1.0248292127601053      
27.51357865319295       , 0.27547367783779464     , 1.0163285006206966      , 1.0083641383019537      
27.79356579912472       , 0.27998714593177        , 1.0163843897152054      , 0.9921090371965483      
28.078155431356407      , 0.2845896322316861      , 1.0164382057061923      , 0.9760642915889405      
28.36743789197635       , 0.289282460619944       , 1.0164898079788003      , 0.9602302786781085      
28.661504809503725      , 0.294066917527374       , 1.0165390494023616      , 0.9446073707081317      
28.960449055089626      , 0.2989442455859006      , 1.016585776120405       , 0.929195934958913       
29.26436469186467       , 0.3039156367750451      , 1.016629827342557       , 0.9139963337371343      
29.573346916900107      , 0.30898222503543593     , 1.0166710351403903      , 0.8990089243674796      
29.88749199522259       , 0.3141450783224826      , 1.0167092242489177      , 0.8842340591840426      
30.206897185296583      , 0.3194051900739936      , 1.0167442118768808      , 0.8696720855206755      
30.53166065536095       , 0.3247634700643687      , 1.0167758075225195      , 0.855323345703634       
30.861881389982585      , 0.3302207346216335      , 1.0168038128062344      , 0.8411881770418058      
31.197659086164123      , 0.3357776961815375      , 1.0168280213120815      , 0.8272669118189369      
31.53909403832111       , 0.3414349521569875      , 1.016848218448647       , 0.8135598772853784      
31.886287011423732      , 0.3471929731026222      , 1.016864181330174       , 0.800067395648797       
32.239339101579276      , 0.3530520901555434      , 1.0168756786767956      , 0.786789784066702       
32.59835158331775       , 0.3590124817384748      , 1.0168824707433552      , 0.7737273546386808      
32.96342574283331       , 0.365074159515558       , 1.0168843092800848      , 0.7608804143968454      
33.33466269642608       , 0.37123695359277065     , 1.016880937520723       , 0.7482492652993992      
33.712163193391405      , 0.3775004969653253      , 1.0168720902160657      , 0.7358342042217036      
34.09602740260799       , 0.3838642092165827      , 1.0168574937050796      , 0.7236355229488218      
34.486354682091246      , 0.39032727948325885     , 1.0168368660362122      , 0.7116535081676034      
34.88324333080044       , 0.3968886487091936      , 1.01680991714087        , 0.699888441458828       
35.28679032201978       , 0.40354699121934345     , 1.0167763490636603      , 0.6883405992904424      
35.69709101767896       , 0.41030069565917415     , 1.016735856261557       , 0.677010253008492       
36.11423886303072       , 0.41714784535176364     , 1.0166881259647613      , 0.6658976688313929      
36.53832506117611       , 0.42408619814538895     , 1.0166328386228975      , 0.6550031078411742      
36.969438227008524      , 0.4311131658324143      , 1.016569668425324       , 0.6443268259771907      
37.40766402025062       , 0.438225793242097       , 1.016498283915661       , 0.6338690740285111      
37.8530847573749        , 0.4454207371242802      , 1.0164183486986318      , 0.6236300976267141      
38.305779002335186      , 0.4526942449602842      , 1.016329522246681       , 0.6136101372398666      
38.76582113619561       , 0.46004213386042636     , 1.0162314608191823      , 0.6038094281643639      
39.23328090591866       , 0.4674597697230496      , 1.0161238184867512      , 0.594228200519479       
39.70822295277728       , 0.4749420468586152      , 1.0160062482809986      , 0.5848666792402759      
40.19070632107778       , 0.48248336830050675     , 1.0158784034636894      , 0.5757250840712265      
40.68078394812697       , 0.4900776270491889      , 1.0157399389235573      , 0.5668036295602968      
41.17850213664717       , 0.4977181885201958      , 1.015590512705123       , 0.5581025250527015      
41.683900011134966      , 0.505397874487798       , 1.0154297876684701      , 0.5496219746853808      
42.19700895997512       , 0.5131089488401557      , 1.0152574332849589      , 0.5413621773809902      
42.71785206545498       , 0.5208431054798552      , 1.0150731275632243      , 0.533323326843042       
43.246443524180066      , 0.5285914587250886      , 1.0148765591090907      , 0.5255056115506499      
43.78278806076074       , 0.5363445365806712      , 1.0146674293116318      , 0.5179092147534115      
44.326880338020345      , 0.5440922772596082      , 1.0144454546481088      , 0.5105343144674683      
44.87870436736682       , 0.5518240293464771      , 1.0142103691046873      , 0.5033810834710276      
45.438232923360886      , 0.5595285559940635      , 1.0139619266973763      , 0.4964496893000846      
46.00542696690074       , 0.5671940435398568      , 1.013699904077594       , 0.489740294245982       
46.58023508182491       , 0.5748081149241671      , 1.0134241032165832      , 0.48325305535121804     
47.162592930089616      , 0.5823578482647065      , 1.0131343541340494      , 0.47698812440751365     
47.752422731012956      , 0.58982980092334        , 1.012830517663492       , 0.47094564795290916     
48.349632770370334      , 0.5972100393573783      , 1.0125124882169143      , 0.4651257672705531      
48.95411694537779       , 0.6044841750074568      , 1.0121801965317023      , 0.459528618386662       
49.56575435178894       , 0.6116374064111483      , 1.0118336123581784      , 0.4541543320701563      
50.1844089194592        , 0.6186545676702622      , 1.0114727470647813      , 0.449003033831686       
50.809929102776195      , 0.6255201833169934      , 1.0110976561162166      , 0.44407484392395535     
51.442147632317116      , 0.6322185295409213      , 1.0107084413941818      , 0.43936987734206895     
52.08088133395742       , 0.6387337016403052      , 1.0103052533182075      , 0.43488824382434865     
52.72593102141454       , 0.6450496874571172      , 1.0098882927276143      , 0.43063004785386305     
53.37708146786041       , 0.6511504464458682      , 1.0094578124869746      , 0.4265953886601077      
54.03410146177035       , 0.657019993909941       , 1.0090141187741024      , 0.42278436022124055     
54.696743951593575      , 0.6626424898232273      , 1.008557572015163       , 0.41919705126648366     
55.36474628313019       , 0.6680023315366128      , 1.0080885874294228      , 0.4158335452794044      
56.037830532689284      , 0.6730842495590963      , 1.007607635157191       , 0.4126939205006447      
56.71570393818149       , 0.6778734054922069      , 1.0071152399365275      , 0.40977824993161094     
57.398059429285325      , 0.6823554911038343      , 1.006611980312715       , 0.4070866013379941      
58.084576256726876      , 0.686516827441551       , 1.0060984873602834      , 0.4046190372535732      
58.77492071954654       , 0.6903444628196667      , 1.0055754429099433      , 0.4023756149838773      
59.46874698801135       , 0.6938262684648038      , 1.0050435772757789      , 0.4003563866101573      
60.165698018591996      , 0.6969510305806494      , 1.0045036664909786      , 0.39856139899291537     
60.86540655617988       , 0.6997085375878811      , 1.0039565290619261      , 0.39699069377567775     
61.56749621750082       , 0.7020896613209402      , 1.0034030222659103      , 0.39564430738825485     
62.27158264851157       , 0.7040864310107509      , 1.0028440380193804      , 0.3945222710498966      
62.97727474747076       , 0.7056920989591902      , 1.0022804983560532      , 0.39362461077212874     
63.68417594438283       , 0.7069011969120709      , 1.001713350559917       , 0.3929513473611075      
64.39188552664439       , 0.7077095822615576      , 1.001143562004164       , 0.39250249641966245     
65.1                    , 0.7081144733556073      , 1.0005721147546933      , 0.39227806834881745     
