   5.5557782955970580E-003
   1.6690766757195163E-002
   2.7896418475266804E-002
   3.9221078927010655E-002
   5.0714988097788627E-002
   6.2431119227231768E-002
   7.4426102901370861E-002
   8.6761267418559829E-002
   9.9503831708928292E-002
  0.11272829412024898     
  0.12651806937292931     
  0.14096743720633143     
  0.15618387987337767     
  0.17229090161386273     
  0.18943144086511210     
  0.20777200329950851     
  0.22750765635346926     
  0.24886802449299283     
  0.27212439094034702     
  0.29759791184845685     
  0.32566872087986343     
  0.35678523726130873     
  0.39147210895686202     
  0.43033365322381067     
  0.47404705890666676     
  0.52333575336140359     
  0.57890864473082759     
  0.64134781155244047     
  0.71093190312685461     
  0.78740568787924303     
  0.86975553789979942     
  0.95610958316583572     
   1.0438904168341634     
   1.1302444621001997     
   1.2125943121207561     
   1.2890680968731445     
   1.3586521884475586     
   1.4210913552691715     
   1.4766642466385955     
   1.5259529410933323     
   1.5696663467761884     
   1.6085278910431371     
   1.6432147627386904     
   1.6743312791201357     
   1.7024020881515423     
   1.7278756090596521     
   1.7511319755070063     
   1.7724923436465299     
   1.7922279967004906     
   1.8105685591348870     
   1.8277090983861364     
   1.8438161201266214     
   1.8590325627936677     
   1.8734819306270698     
   1.8872717058797501     
   1.9004961682910708     
   1.9132387325814393     
   1.9255738970986283     
   1.9375688807727673     
   1.9492850119022105     
   1.9607789210729885     
   1.9721035815247323     
   1.9833092332428039     
   1.9944442217044021     
